175,166,153,146,147,145,133,119,122,125,133,145,155,155,147,139,151,149,143,141,153,168,167,157,178,179,185,188,181,172,174,184,184,185,187,187,186,184,181,180,186,192,188,175,171,179,184,181,181,180,183,190,196,197,195,193,196,193,187,181,176,176,179,182,180,178,177,177,179,182,185,186,183,181,178,177,183,193,198,198,196,192,194,201,198,189,190,199,189,182,182,191,195,190,186,188,179,176,167,155,144,133,118,105,104,106,109,114,123,130,124,114,102,99,91,82,77,82,92,100,119,128,125,108,101,106,105,97,114,117,113,106,106,111,108,98,94,93,86,74,66,63,59,53,57,54,50,48,49,50
183,174,159,145,140,139,134,128,124,126,131,140,148,152,149,146,160,161,156,149,154,168,176,174,169,177,186,190,187,180,175,173,180,181,183,183,183,180,178,176,182,184,180,173,170,175,180,182,180,180,182,187,192,192,190,188,189,185,180,176,176,179,182,184,184,182,180,178,178,179,181,182,185,185,183,180,182,187,188,186,199,197,198,199,197,191,191,194,182,179,181,187,185,175,171,174,177,175,168,158,148,137,121,107,94,97,101,106,115,120,115,105,103,95,84,76,72,75,88,102,107,111,108,97,91,92,91,85,100,103,100,91,89,91,88,80,78,85,87,79,71,69,70,69,60,59,56,53,52,52
182,178,168,155,147,145,142,138,136,137,140,143,148,152,154,156,166,171,168,158,154,164,177,185,170,183,191,190,188,188,182,173,178,180,181,182,181,179,176,174,180,175,173,173,173,174,180,188,184,184,185,187,189,190,188,186,184,181,177,176,179,184,189,192,185,184,182,179,178,178,180,182,184,188,188,185,183,185,185,183,195,197,196,192,190,191,187,181,176,176,180,182,173,159,153,156,162,162,159,152,146,137,123,110,100,98,95,96,102,108,106,101,102,88,77,74,70,69,83,102,99,95,91,88,85,82,79,78,88,90,87,80,77,79,76,69,60,72,81,77,68,66,71,77,65,67,68,66,62,59
169,172,172,170,168,165,157,149,146,149,153,154,155,156,158,161,166,174,176,168,161,164,172,178,181,196,200,189,184,191,192,185,181,182,184,185,184,181,179,177,181,172,171,177,180,178,185,197,192,193,193,191,191,193,191,189,183,184,184,182,182,187,195,202,185,184,182,181,180,182,185,187,182,187,190,188,187,189,191,191,190,197,196,189,188,190,182,168,164,165,169,172,165,153,146,146,146,146,144,140,138,134,124,114,108,99,88,82,84,91,95,96,96,82,76,78,73,66,75,93,90,80,74,75,75,71,69,72,74,74,70,67,70,73,70,62,50,59,66,63,55,52,57,63,57,64,72,72,67,63
155,158,164,171,179,182,175,166,150,157,164,168,168,167,167,168,171,179,184,184,180,177,174,172,185,202,208,196,187,192,195,191,185,186,188,188,188,185,183,181,183,174,172,181,185,185,192,204,199,202,201,196,195,197,197,195,186,191,194,190,183,185,196,208,192,189,185,184,185,187,187,187,182,187,190,188,187,191,194,195,193,199,199,192,188,186,174,158,149,148,149,153,152,146,139,134,135,133,129,124,124,123,118,110,98,91,83,80,80,82,83,84,87,79,79,84,78,66,67,78,74,64,58,60,61,58,58,63,59,55,50,50,56,60,55,47,48,49,49,47,43,40,43,47,42,53,66,71,67,62
145,147,152,161,175,186,186,180,160,167,176,182,184,184,184,184,180,183,188,193,195,192,185,179,181,197,209,206,199,197,195,190,189,191,192,193,192,190,187,185,185,180,178,183,189,194,200,207,205,210,209,202,199,204,205,203,193,199,201,194,185,185,196,208,204,197,190,188,191,192,189,185,188,191,191,187,185,187,188,186,187,190,189,183,177,170,158,148,147,142,138,137,136,131,123,117,121,118,112,106,104,105,101,95,92,92,96,101,101,94,85,81,85,85,88,89,81,70,65,67,65,62,60,59,60,61,61,62,56,53,49,49,50,50,47,43,50,45,42,42,41,40,40,42,42,53,67,73,71,68
136,143,152,162,174,183,185,181,171,173,177,179,181,183,185,187,179,177,177,181,187,190,190,189,186,192,201,208,210,206,200,197,196,198,199,200,199,197,194,192,191,190,188,187,193,205,211,211,213,218,217,209,206,213,216,214,205,206,204,198,192,192,199,206,213,203,193,192,197,199,193,186,196,197,195,191,188,186,181,174,177,174,173,172,166,158,154,155,154,151,143,135,127,122,117,113,111,110,105,101,101,102,99,92,108,110,116,123,121,107,94,88,96,102,103,95,85,79,74,69,64,73,77,74,73,77,75,68,58,62,66,63,56,53,56,61,53,48,46,49,48,44,43,45,51,59,68,73,73,72
128,143,162,173,179,181,179,175,171,168,165,162,163,166,169,172,171,165,160,162,169,178,187,194,199,192,193,204,213,213,210,211,203,204,206,207,206,204,201,199,196,200,197,192,198,214,219,215,219,226,225,216,213,221,225,223,215,211,206,201,200,201,204,207,215,203,192,193,202,206,199,191,200,201,200,196,194,189,179,169,174,167,166,171,168,161,165,176,159,158,152,140,129,125,125,126,114,114,113,112,115,118,114,108,128,125,125,127,121,107,95,92,110,118,116,99,89,89,85,76,61,79,88,83,82,86,82,70,56,68,77,74,62,56,66,79,56,53,54,57,53,46,44,47,53,58,63,65,66,68
136,158,174,171,164,165,167,165,163,164,160,152,148,152,158,160,154,155,158,162,164,165,171,178,191,192,194,199,208,217,219,216,209,210,218,226,224,214,207,205,211,217,210,194,194,213,226,227,231,228,221,217,219,224,228,228,220,213,208,211,217,218,209,200,219,203,195,201,202,195,196,205,206,207,199,189,194,202,187,162,177,170,167,172,177,176,171,167,171,172,159,137,132,142,143,132,117,120,125,129,129,123,114,107,132,135,135,128,114,101,93,91,106,123,126,106,93,94,89,76,64,77,92,100,102,97,83,69,61,73,78,70,61,65,79,90,78,73,70,69,62,50,40,38,55,57,59,60,62,65
133,151,167,165,155,150,152,155,150,150,147,141,140,145,150,152,151,146,142,142,144,150,160,170,183,190,196,200,207,217,223,224,218,220,227,234,232,223,216,216,218,220,215,204,203,214,224,226,231,230,228,226,225,227,229,229,225,221,217,220,225,225,217,209,225,213,205,207,209,206,207,212,215,206,197,196,199,198,188,178,189,181,176,178,181,178,173,169,157,152,147,143,142,138,130,124,118,124,132,136,134,128,123,120,131,129,124,115,106,100,99,99,106,124,128,114,102,99,90,74,83,87,96,104,106,99,86,76,62,70,80,84,82,79,80,82,79,75,73,72,65,51,39,35,49,52,57,60,61,60
135,145,156,158,146,134,134,141,138,137,134,131,133,140,144,144,144,138,134,136,143,150,161,169,176,186,196,201,207,217,227,232,230,233,239,243,241,233,229,229,228,226,222,218,215,216,220,224,226,229,231,230,227,224,224,226,227,225,225,227,230,229,223,217,226,220,213,209,211,215,216,215,223,208,201,205,206,197,192,194,197,188,180,180,180,176,171,169,157,146,141,147,144,130,119,118,118,129,140,141,134,127,126,128,135,127,117,109,108,110,114,117,113,128,134,124,115,110,97,80,97,93,95,102,101,90,79,76,74,73,80,92,94,83,71,67,68,66,66,68,64,53,43,37,39,44,53,60,62,58
144,143,147,152,144,128,123,129,126,125,122,121,126,133,136,134,130,127,130,141,152,159,165,170,174,183,192,198,207,219,228,232,236,240,245,246,242,238,236,236,236,230,227,228,224,216,214,219,216,220,225,225,218,212,212,217,219,220,223,226,227,224,220,216,218,217,210,203,205,213,215,210,221,215,212,213,210,203,198,197,192,182,174,171,171,169,166,166,167,159,151,145,137,127,124,125,126,139,151,148,136,127,129,135,135,126,115,112,117,124,128,128,122,131,133,124,116,110,99,85,104,98,99,103,94,78,72,78,89,80,81,91,91,75,62,59,56,54,54,56,56,51,44,39,32,37,48,58,62,58
152,143,141,147,144,131,121,120,110,110,108,108,113,120,122,119,122,119,122,133,145,152,158,163,175,180,186,194,206,219,225,225,235,239,243,240,236,234,235,236,237,231,229,230,225,214,208,209,207,210,215,216,207,198,199,206,207,211,216,220,220,217,212,209,206,205,198,191,194,203,205,201,209,220,224,217,212,212,203,190,181,171,162,159,159,159,161,164,163,171,166,147,134,137,139,135,136,150,161,157,144,135,139,146,135,128,121,122,130,136,135,131,132,134,129,117,107,100,92,84,108,108,110,108,92,74,74,86,89,86,91,98,94,79,69,69,62,58,53,50,50,47,41,35,33,35,43,54,56,52
148,140,135,137,138,130,120,113,102,104,105,105,110,116,119,117,134,127,123,126,132,140,150,159,173,176,181,189,203,216,220,218,229,234,236,231,226,226,229,232,232,229,226,222,217,210,202,198,200,202,208,210,202,190,189,196,197,201,207,212,214,211,205,201,195,189,183,181,185,190,192,192,195,216,226,219,216,218,205,184,174,164,154,149,149,150,154,159,152,170,174,157,146,150,149,138,140,151,161,159,149,143,147,154,148,142,137,140,148,150,145,139,144,142,135,123,111,102,97,95,109,114,115,104,86,76,81,90,83,93,105,110,105,95,88,87,75,70,61,55,53,53,47,39,40,38,42,49,49,42
131,131,129,124,123,122,115,106,108,113,118,119,123,130,134,134,147,141,136,134,134,137,146,155,167,172,179,186,197,209,216,216,224,230,231,223,217,219,224,227,224,226,220,210,206,205,198,187,194,195,202,208,201,187,181,185,189,192,198,204,208,205,198,192,185,173,167,172,176,176,178,184,187,202,217,223,223,217,202,187,174,162,150,142,139,139,144,151,150,159,165,163,162,162,159,153,151,158,165,164,158,154,156,160,161,155,149,149,154,155,149,143,138,139,139,134,124,114,112,114,115,120,115,96,84,86,93,96,93,108,116,109,101,100,98,93,81,77,70,64,64,66,59,49,45,40,42,49,48,39
115,124,124,115,110,112,110,101,117,124,131,134,137,144,150,152,146,145,145,145,142,139,142,147,160,169,179,185,193,204,213,218,221,227,228,219,212,215,222,225,218,223,217,202,198,202,195,180,188,190,199,208,201,185,175,177,183,185,191,199,203,201,193,186,178,162,157,165,170,165,168,179,185,190,207,226,229,214,199,194,174,162,148,138,132,131,136,142,152,146,149,163,172,172,172,177,171,175,178,177,171,167,167,169,163,155,146,143,145,146,143,138,117,123,132,135,130,121,120,124,127,131,120,96,89,102,110,106,113,124,118,97,85,91,94,88,83,81,75,71,72,74,66,55,46,41,44,52,51,42
105,114,116,107,99,101,106,108,122,131,142,149,151,151,153,155,155,158,157,153,152,155,156,152,148,161,175,183,185,192,206,219,224,226,224,218,215,218,221,221,223,215,205,200,197,193,185,178,180,192,204,208,202,188,173,163,169,174,181,190,196,196,192,188,171,165,158,155,157,160,161,161,175,187,205,218,221,212,198,188,172,168,156,137,120,116,125,136,130,140,148,156,172,189,190,180,187,184,181,180,177,172,169,168,155,151,142,135,136,138,135,129,110,114,120,127,137,146,148,145,144,137,121,103,96,103,114,121,121,118,109,93,77,69,71,75,80,84,82,73,67,64,57,48,39,37,38,41,41,38
95,99,100,95,91,95,107,117,124,136,150,156,155,152,154,157,163,170,174,170,166,164,162,159,159,164,169,174,181,191,203,213,221,219,215,210,211,217,221,221,222,214,202,194,190,186,180,175,177,189,202,205,198,186,173,163,158,165,173,181,184,187,189,190,177,166,154,150,157,170,182,187,189,196,207,217,218,207,187,172,159,155,146,135,125,120,119,120,123,133,143,152,167,183,184,175,176,173,171,169,167,164,161,160,150,141,129,122,123,127,122,114,106,106,106,112,123,135,142,142,143,140,131,121,119,124,130,131,123,117,107,96,85,76,69,65,68,70,71,69,64,55,46,40,41,37,35,37,37,36
96,93,93,94,92,93,108,126,129,142,155,155,145,137,139,144,160,170,179,179,174,171,169,168,173,169,166,169,179,192,204,211,215,210,204,203,210,220,221,218,220,212,200,190,184,179,174,170,179,192,203,203,194,183,170,161,153,158,164,167,170,174,181,186,179,166,152,149,159,175,188,194,198,201,208,217,221,210,188,170,158,149,138,132,129,125,118,111,115,125,136,147,162,174,176,170,163,160,157,155,155,155,153,150,146,135,119,111,114,119,116,108,97,95,96,105,116,126,130,131,138,138,137,135,138,141,138,133,116,108,97,91,88,80,66,55,55,52,56,63,60,47,38,38,47,40,34,34,35,35
109,102,102,107,101,94,103,123,135,145,152,145,130,122,128,137,154,160,169,174,177,180,183,185,183,178,173,174,182,195,206,213,207,203,200,204,216,225,221,212,217,211,202,192,183,176,170,166,182,194,203,201,193,185,175,165,158,157,156,157,161,168,175,179,173,163,152,151,158,167,170,170,186,191,201,212,218,210,193,179,173,160,144,135,132,129,122,116,110,119,132,146,158,166,168,165,155,153,149,146,147,150,148,145,142,132,116,104,102,108,111,110,88,88,96,111,121,121,117,115,128,128,129,131,138,141,134,125,110,99,87,82,80,74,62,52,57,47,48,57,56,44,42,50,57,47,38,36,37,37
118,113,116,120,110,94,96,110,132,138,139,131,119,119,132,146,152,152,156,165,176,187,196,201,192,191,189,186,186,191,201,209,201,201,203,211,223,228,219,206,212,210,206,197,186,176,168,164,179,191,199,197,194,192,185,174,164,156,148,150,161,171,176,176,164,156,147,146,150,156,156,155,171,180,193,204,207,201,189,180,178,169,156,147,140,132,122,115,108,116,131,147,156,158,159,160,153,150,144,139,141,147,146,141,137,132,119,101,90,92,100,105,87,86,96,113,119,111,105,106,114,114,115,120,130,137,133,125,112,102,89,80,76,73,69,65,73,58,51,55,53,45,50,63,66,56,47,44,42,41
124,124,127,127,114,98,95,102,119,120,119,112,107,112,126,139,142,141,144,154,167,180,193,204,202,204,203,196,188,187,193,200,199,202,207,213,220,222,214,203,205,207,206,199,187,175,167,164,181,190,194,190,191,194,186,173,164,153,144,148,164,177,181,178,162,153,142,137,141,150,159,163,176,184,196,204,203,194,183,176,166,164,161,157,148,134,116,104,107,114,129,146,151,148,148,152,149,146,138,130,133,140,139,132,138,139,130,110,91,86,92,98,88,84,92,106,107,97,96,104,100,102,106,115,129,140,140,134,117,109,98,89,85,85,86,87,84,70,58,53,50,48,57,68,69,63,56,52,47,43
134,137,136,126,111,101,98,100,106,106,104,102,101,104,110,116,123,128,139,152,160,170,187,203,211,212,211,203,195,191,195,200,202,205,206,206,207,209,207,202,199,201,201,194,181,170,165,164,182,188,186,181,184,189,180,163,161,152,145,150,163,176,179,178,166,158,147,140,140,148,160,168,180,185,193,200,201,193,179,169,152,150,150,150,147,134,114,99,103,109,126,143,145,137,135,142,140,137,127,117,120,128,126,118,132,137,134,119,102,92,89,89,80,78,90,106,103,88,88,101,89,95,104,117,131,142,142,136,125,117,107,101,98,95,91,87,74,68,57,49,48,55,63,69,66,64,61,57,48,40
141,146,140,121,104,98,98,97,103,102,102,104,105,105,104,102,112,125,145,160,165,171,190,210,216,215,212,207,202,201,204,207,206,207,205,198,195,198,202,203,194,197,196,188,175,166,163,164,178,182,179,174,179,187,177,159,160,154,149,152,161,170,174,174,170,165,158,149,145,147,153,159,172,173,178,188,194,189,174,160,149,142,136,137,139,133,117,103,100,106,122,139,139,128,126,134,133,129,118,107,109,117,116,106,117,124,126,118,105,94,85,80,68,72,92,113,109,87,82,94,82,92,105,119,132,140,136,129,136,126,115,107,102,93,80,69,56,57,52,46,48,60,69,71,63,63,63,58,47,37
137,141,138,125,113,108,104,101,96,100,108,116,121,120,114,109,113,136,151,151,160,183,195,192,196,207,213,212,211,214,213,209,204,198,200,204,194,179,181,195,195,189,187,186,175,161,158,166,176,178,173,166,172,183,178,162,162,151,147,162,180,184,173,161,161,166,159,141,137,153,168,173,161,163,170,180,182,175,167,163,154,139,124,121,129,132,125,115,97,96,112,136,139,124,119,129,137,125,111,105,107,108,105,101,113,131,130,104,90,96,95,82,76,72,82,102,102,84,76,83,91,100,110,118,128,134,130,121,120,127,124,109,97,91,82,70,66,54,55,69,71,63,66,81,63,58,53,48,41,38
130,126,116,106,105,113,118,118,106,109,116,127,133,129,116,105,118,136,150,155,161,174,181,180,190,199,204,202,202,208,209,205,197,190,186,186,181,177,182,192,202,192,183,174,162,152,156,167,172,173,167,162,171,182,176,160,150,143,144,159,175,179,171,163,147,154,151,139,141,158,172,174,155,154,158,166,168,162,152,147,143,131,118,111,113,116,117,115,98,94,105,127,132,120,114,121,125,119,110,103,100,101,102,102,118,133,132,109,92,90,87,77,71,65,72,89,96,86,76,75,80,89,100,111,122,127,120,109,113,119,120,115,108,101,93,85,73,65,60,62,69,73,74,73,62,56,50,45,38,34
127,116,103,99,109,123,127,125,115,119,127,139,146,139,121,106,112,122,137,151,159,163,168,172,186,194,198,196,198,205,208,205,198,191,181,174,174,181,190,195,200,191,180,169,156,149,156,168,169,167,160,158,169,181,174,158,142,138,142,156,170,172,166,160,140,146,145,139,143,158,167,165,154,148,147,154,158,153,143,136,131,127,120,112,108,106,107,108,98,92,99,117,124,114,107,110,114,111,105,96,90,89,94,100,116,126,128,112,93,83,79,77,70,63,63,74,87,87,76,66,74,81,92,105,117,120,110,98,102,105,112,120,119,109,99,96,74,71,60,55,67,85,85,74,67,61,54,48,41,36
126,114,104,110,127,138,133,123,121,127,138,148,150,142,126,114,106,105,118,139,150,150,156,167,179,187,191,191,194,202,204,200,196,194,184,171,169,179,189,192,190,185,179,170,158,152,159,170,170,165,157,156,169,179,171,155,143,139,142,156,168,168,159,151,143,145,143,138,142,152,155,150,148,139,134,140,148,147,140,133,116,117,118,115,110,103,98,95,94,92,100,114,118,108,101,101,109,104,96,86,82,84,92,99,108,115,120,114,98,84,83,88,76,70,63,64,73,78,72,62,83,86,95,107,117,118,107,95,93,92,102,118,121,107,95,93,74,68,58,55,67,84,89,83,78,70,62,56,49,44
125,113,106,117,137,147,141,131,130,138,149,152,146,135,126,120,115,105,109,128,138,137,145,160,170,178,184,185,190,197,196,190,183,188,184,170,162,165,173,176,185,182,175,164,152,149,158,169,172,165,156,156,167,176,167,151,145,140,142,156,168,167,155,145,142,142,140,137,141,149,150,144,135,123,117,124,135,139,136,131,112,110,108,107,104,99,91,85,87,91,102,114,115,105,97,95,107,97,85,80,85,95,104,109,113,117,123,120,108,96,96,104,87,82,73,64,61,64,66,65,95,95,100,110,116,114,103,94,89,87,96,113,118,104,89,84,76,65,59,63,70,75,83,92,82,74,65,59,53,48
130,116,107,115,132,143,144,142,141,149,157,154,142,131,125,125,126,111,107,120,130,133,143,159,171,179,184,185,190,196,193,186,173,179,181,175,164,158,160,164,183,181,172,157,143,141,152,164,167,160,152,152,162,168,160,147,141,138,143,156,166,162,151,142,134,136,137,138,144,150,150,146,130,117,109,115,127,134,135,134,130,122,112,105,102,98,91,85,81,88,98,108,111,105,95,87,100,89,79,81,95,111,120,123,127,130,131,124,112,106,106,110,99,94,87,75,63,58,65,75,96,96,101,108,110,104,95,89,87,87,95,109,115,107,92,81,76,67,65,73,76,75,84,98,80,72,62,57,53,49
132,121,113,117,126,133,139,144,146,153,158,156,147,137,133,132,128,114,106,113,124,134,147,159,172,177,180,180,185,191,188,181,168,169,175,181,174,161,158,162,170,174,173,162,148,143,147,154,157,151,145,146,154,159,153,143,134,138,148,157,157,149,141,137,132,137,141,145,148,148,145,140,129,116,106,109,119,126,129,131,135,130,123,117,112,104,95,88,79,81,86,96,105,105,92,78,90,83,79,86,102,117,124,125,132,135,129,114,104,103,104,102,100,94,90,85,69,56,64,82,87,89,97,105,104,94,84,81,81,86,93,102,113,115,103,87,78,79,79,78,81,87,93,96,81,72,63,59,57,54
127,121,120,124,129,130,135,141,146,151,155,157,153,148,143,141,127,114,105,108,120,134,147,156,165,168,169,166,171,178,177,170,163,158,165,179,178,163,155,160,153,166,178,176,163,152,147,146,147,143,138,140,148,152,148,141,131,141,153,157,148,135,129,131,138,144,150,152,150,144,135,128,125,111,100,100,107,113,117,120,113,118,124,127,122,110,97,88,79,75,74,84,101,106,91,71,83,80,80,89,102,113,118,118,127,129,119,99,90,95,96,89,93,84,84,85,71,53,59,80,78,83,94,103,101,88,78,76,74,82,89,97,111,121,112,93,85,95,93,81,83,97,98,86,86,77,68,65,63,61
118,116,121,133,135,129,128,134,137,147,153,151,154,157,147,133,113,121,121,110,109,123,137,141,152,158,159,155,154,160,164,164,149,153,158,165,171,171,160,148,154,160,168,171,166,157,151,149,136,132,129,132,136,137,136,135,131,134,142,146,142,133,132,136,142,154,154,140,137,142,129,106,107,108,101,90,91,103,111,110,110,106,109,122,130,125,111,100,83,80,75,77,92,105,97,79,69,74,85,96,102,101,98,97,122,127,126,114,100,91,87,84,80,70,74,86,82,63,57,66,73,85,93,93,88,84,77,71,79,82,89,102,116,121,114,103,106,101,90,83,89,100,96,84,85,76,73,78,79,75
121,120,127,136,138,132,133,140,138,143,148,150,151,149,140,130,122,125,123,114,108,113,122,127,131,137,142,141,142,147,151,150,147,144,144,152,158,157,152,149,152,162,170,170,166,162,157,152,145,144,143,143,140,137,134,133,135,140,144,139,131,126,128,132,145,148,141,128,127,134,130,118,104,104,97,87,88,99,105,103,101,99,103,113,122,122,120,119,100,92,78,70,78,90,88,77,68,72,78,81,83,87,95,102,119,123,121,109,96,88,84,81,77,66,64,74,76,67,61,64,76,82,89,91,86,80,76,75,82,86,93,104,114,118,111,102,107,105,96,89,92,99,94,83,75,71,75,83,85,81
122,126,135,144,143,138,140,147,141,140,143,148,148,140,133,131,132,129,126,121,111,105,108,115,113,120,126,128,131,135,137,137,135,127,130,144,150,144,141,146,158,172,181,177,174,177,173,165,159,161,161,156,148,140,133,129,138,145,143,131,122,125,129,130,139,133,124,116,116,119,119,116,97,96,88,80,82,91,94,90,86,88,94,103,108,109,112,117,113,105,88,73,71,77,77,71,69,76,83,85,85,91,103,114,120,122,119,108,97,90,86,83,79,68,59,61,66,64,58,53,70,70,75,82,80,72,73,79,87,94,103,109,113,113,106,97,101,101,96,89,89,92,88,79,64,65,73,82,83,76
122,129,143,152,150,145,146,151,145,139,141,150,149,139,134,138,142,134,131,129,119,106,105,114,107,110,114,116,119,121,123,123,118,112,122,144,150,137,133,141,161,178,186,180,178,186,184,174,171,172,171,165,157,148,136,126,136,142,138,127,126,136,140,135,128,118,111,111,109,103,99,99,91,88,81,75,76,81,81,77,75,78,86,95,99,98,98,101,109,107,97,82,72,70,68,65,70,83,96,102,105,109,114,118,119,121,118,111,105,102,98,94,91,84,72,63,61,60,53,44,60,56,61,70,71,65,69,82,92,105,115,116,113,108,98,87,89,90,86,81,80,83,82,78,61,62,67,74,73,67
119,130,146,156,155,150,149,152,150,144,145,152,152,143,142,149,152,143,139,137,127,114,112,120,111,109,108,108,109,110,111,112,112,106,115,135,140,129,130,143,156,171,179,173,173,180,180,172,175,175,171,165,161,155,141,127,131,133,130,129,139,153,154,145,133,120,110,108,103,94,89,91,88,86,82,77,76,76,74,70,74,72,76,83,90,92,94,96,102,102,96,83,71,68,70,73,80,90,101,106,110,113,111,107,105,109,112,113,115,117,115,110,104,101,91,77,66,59,54,50,61,58,61,68,68,64,70,81,98,114,126,123,115,106,92,79,79,78,75,71,71,75,78,79,65,63,63,66,66,63
118,129,143,152,153,151,151,152,153,151,151,153,151,148,150,155,158,152,145,140,131,124,124,128,126,121,117,118,118,117,117,119,121,113,112,119,121,120,132,149,154,163,170,169,168,170,171,170,169,171,167,160,157,155,144,132,127,124,125,134,149,159,158,152,151,136,120,111,105,101,100,102,95,94,93,89,84,80,76,74,77,71,67,68,72,76,83,89,98,97,91,79,69,69,80,90,96,101,102,99,99,103,102,96,85,92,101,111,121,127,124,118,103,100,94,83,67,56,56,62,74,76,79,79,77,76,79,84,103,120,130,124,114,106,92,78,72,69,65,62,63,66,70,72,70,66,60,58,57,57
120,128,137,143,147,150,152,153,154,157,156,150,147,150,154,154,153,152,145,135,131,135,139,139,139,133,132,135,137,135,134,136,131,126,120,115,113,119,134,148,153,154,160,165,164,159,160,166,158,165,164,154,147,147,144,138,127,121,125,139,150,150,150,154,159,151,137,125,120,120,119,115,107,109,110,106,98,90,86,86,80,78,77,75,70,65,69,75,84,86,84,77,69,68,79,90,94,101,101,91,87,89,90,85,76,85,97,111,123,127,120,109,98,89,81,76,62,50,55,70,83,94,98,92,90,95,97,94,107,122,128,119,111,108,98,85,74,69,63,61,61,61,60,60,65,62,56,51,49,50
123,127,131,135,141,148,153,154,154,161,159,147,143,150,154,150,144,147,141,129,129,142,151,150,139,134,135,143,147,144,142,143,135,137,132,122,117,123,134,142,147,143,147,157,155,145,147,157,150,162,164,151,139,139,143,143,129,122,127,142,146,138,140,153,154,156,150,140,137,138,130,118,117,120,123,119,109,98,95,96,82,90,99,99,86,71,66,70,64,70,77,76,69,64,67,74,74,88,94,86,77,77,76,73,79,88,100,113,123,123,111,97,98,81,71,69,59,46,53,73,84,101,107,100,100,111,113,104,109,121,124,114,108,109,104,93,81,75,69,66,65,61,56,53,54,54,52,48,46,50
123,141,148,142,146,160,162,151,155,155,154,151,149,149,154,158,160,150,144,146,146,143,148,158,149,146,143,145,151,156,159,160,147,137,129,125,117,110,119,134,131,135,140,141,138,136,136,138,143,148,150,146,136,130,130,133,134,125,122,125,127,126,134,145,151,151,151,151,148,143,138,135,125,126,122,113,108,107,104,99,86,99,109,105,96,87,79,73,67,65,65,68,68,63,60,60,70,78,79,72,69,71,69,62,78,84,98,113,120,116,110,108,102,88,74,67,58,51,57,68,86,92,95,94,97,105,110,109,106,112,113,108,107,110,108,102,82,82,83,86,85,79,69,60,54,47,41,43,54,63
132,144,151,150,155,163,161,150,157,158,157,154,150,149,153,157,160,152,149,153,153,150,154,162,151,156,163,169,171,166,158,152,146,143,139,134,124,116,115,120,124,127,130,130,126,124,125,127,140,140,138,133,128,124,123,123,121,119,123,133,135,130,131,138,139,143,150,159,163,159,148,140,140,138,131,121,117,117,115,111,106,113,116,113,108,105,99,93,89,79,68,63,61,58,59,61,69,65,65,67,65,60,63,70,74,86,102,116,125,123,112,99,94,83,72,64,53,46,53,65,75,79,82,85,93,100,99,93,96,107,106,93,91,104,109,102,95,94,93,92,89,82,73,66,58,49,42,44,55,64
142,148,155,160,163,163,157,151,158,159,159,155,150,148,151,155,160,155,155,158,158,153,153,158,161,163,165,164,160,155,151,149,137,139,136,128,122,120,117,113,117,120,121,119,115,114,117,120,129,126,123,122,124,125,124,122,127,128,136,145,146,141,140,145,137,138,145,158,170,172,164,154,157,152,142,133,130,131,129,125,126,124,119,115,115,117,115,111,103,89,75,68,66,63,61,61,61,49,49,60,59,51,61,81,77,92,105,111,119,125,116,100,96,87,77,67,55,47,51,62,59,63,70,79,90,96,90,81,89,101,100,85,83,101,113,111,110,108,104,99,92,84,75,70,60,51,43,46,59,68
148,152,160,165,162,156,152,154,153,155,156,154,149,146,149,152,158,155,156,158,155,148,144,144,153,156,157,154,147,140,137,136,124,126,121,112,113,123,126,120,116,118,119,118,115,115,119,123,119,120,122,126,131,134,135,134,146,145,149,153,152,149,153,159,150,144,142,151,166,175,174,168,170,164,155,148,146,145,143,140,132,125,115,108,106,109,113,114,106,96,87,85,83,74,63,56,55,50,51,57,55,50,60,78,82,100,106,98,101,116,119,110,103,92,80,71,61,53,51,55,48,55,66,79,88,90,84,78,83,87,89,85,85,93,106,116,115,114,111,104,95,85,75,69,61,51,42,46,59,69
149,157,165,166,156,148,150,157,148,149,151,150,148,147,147,148,152,152,153,155,152,146,140,139,132,142,154,159,153,139,125,116,121,123,119,114,120,132,131,122,117,120,124,124,123,124,128,132,127,132,139,144,145,144,143,143,149,151,155,158,157,156,160,166,163,156,150,154,165,173,172,167,172,167,162,159,157,155,152,150,132,125,113,102,95,95,102,108,110,102,96,95,92,80,65,56,59,67,70,62,53,53,58,62,78,100,107,93,87,101,114,115,106,94,80,73,69,63,56,52,44,53,65,74,77,74,72,72,74,69,74,86,86,80,90,111,113,112,111,107,100,88,76,68,62,51,42,43,52,59
150,162,170,165,154,149,153,157,148,148,148,150,152,151,149,146,148,149,151,153,152,150,147,145,132,136,141,143,139,132,125,120,128,129,130,134,141,143,132,119,119,125,131,135,135,134,136,139,145,151,158,160,157,152,148,146,147,155,164,168,167,164,166,168,163,162,163,166,168,165,157,150,158,155,154,154,151,147,146,148,134,126,115,104,94,89,93,100,108,99,91,89,86,78,69,65,62,78,84,70,57,55,56,54,68,91,104,93,81,87,101,110,111,101,90,84,82,78,70,62,45,51,60,64,62,58,60,66,76,67,71,85,86,77,86,106,106,105,104,104,102,93,80,70,63,53,43,39,41,44
153,167,174,166,159,162,160,153,156,153,151,154,158,158,152,145,148,150,151,152,152,153,152,151,146,139,129,122,121,126,131,135,133,128,129,143,153,150,137,127,124,132,142,147,147,144,143,143,152,154,158,163,165,163,157,153,155,162,168,167,163,161,164,167,155,160,165,166,160,149,139,132,137,135,136,136,133,129,133,141,134,123,112,105,97,90,87,89,96,89,83,81,78,71,66,65,66,77,84,79,64,52,52,58,68,83,92,84,72,74,91,107,114,110,102,94,87,80,72,66,50,49,52,56,57,58,65,74,80,80,78,75,76,83,93,100,95,92,90,94,97,94,83,73,63,56,46,39,37,37
155,171,176,167,166,173,167,150,164,158,155,158,164,163,154,145,152,153,153,151,151,152,152,150,148,142,134,131,132,134,136,136,132,119,118,136,151,151,145,143,130,139,150,156,155,151,147,145,146,145,148,158,169,173,170,164,165,166,163,153,145,146,153,160,149,155,160,156,146,134,127,124,125,123,124,124,120,117,125,137,132,118,106,103,99,91,82,79,86,83,82,81,75,64,55,52,74,74,82,86,68,45,44,61,77,79,79,72,62,65,88,111,110,111,106,93,78,66,60,56,54,48,46,53,61,68,79,89,78,87,78,59,60,83,95,89,87,81,78,83,90,91,83,73,62,56,48,42,40,40
167,173,176,173,171,169,163,155,156,158,159,159,158,155,152,150,153,154,152,150,151,154,153,148,158,151,140,134,140,147,142,131,119,126,136,146,152,154,153,151,143,150,163,174,173,162,155,155,168,162,158,164,174,179,174,166,175,164,152,144,142,143,146,149,139,148,158,162,153,135,118,109,115,112,112,111,105,102,113,128,125,119,107,94,87,85,80,75,78,75,69,65,63,63,63,64,72,78,82,76,64,54,50,50,63,65,77,71,53,69,97,96,98,104,100,86,74,71,65,57,53,48,41,60,78,83,90,87,70,72,67,61,74,95,99,88,81,77,72,72,80,89,89,84,69,62,51,43,39,37
162,171,179,182,180,176,165,155,158,159,160,160,158,155,151,149,145,144,141,141,145,150,147,141,139,138,137,141,149,151,137,121,124,131,144,155,161,162,159,157,147,157,171,177,170,159,157,163,177,167,159,163,174,182,179,173,168,168,156,138,135,145,147,140,138,147,157,161,152,135,117,107,102,100,102,107,106,100,103,110,124,120,109,96,90,90,89,86,77,74,70,68,69,72,74,75,78,74,66,58,50,45,43,43,53,57,63,59,56,69,82,79,88,92,95,91,84,77,70,66,58,50,41,56,73,79,87,83,73,69,62,60,72,87,88,80,77,72,65,63,70,80,82,79,69,64,55,46,38,35
152,160,168,172,172,168,160,152,159,160,161,160,158,155,151,149,141,139,136,134,138,142,138,132,129,129,132,142,153,152,135,117,127,137,152,165,172,171,167,162,155,168,180,181,168,158,163,174,178,169,163,169,181,187,182,173,159,165,153,129,124,139,142,129,137,146,157,160,153,136,119,107,97,91,90,95,97,94,96,101,123,121,114,104,98,98,99,99,80,77,74,74,78,83,87,89,89,79,67,59,57,55,51,47,43,50,47,47,62,73,70,69,82,79,82,89,86,77,74,78,63,54,40,52,69,76,85,80,73,61,53,58,72,81,80,74,72,67,58,54,59,68,72,70,63,60,53,44,36,32
150,151,152,153,154,156,157,156,157,158,160,160,159,156,153,151,145,147,145,140,137,137,135,131,139,135,133,139,148,148,136,122,129,140,156,172,179,178,172,167,165,175,184,181,170,164,172,184,171,167,167,177,188,190,179,167,156,154,141,122,117,125,130,126,138,147,156,159,153,140,124,111,107,95,86,83,83,85,97,111,121,124,122,114,107,105,105,103,86,83,81,84,90,95,98,98,93,86,78,74,73,69,62,56,41,50,38,37,62,71,64,69,81,69,67,77,76,65,67,80,67,58,42,50,66,75,85,80,70,54,46,57,74,80,77,74,69,64,55,49,51,58,60,57,51,48,44,38,33,31
151,150,149,151,153,155,158,161,154,156,158,160,160,159,157,156,151,157,159,151,144,141,143,144,154,147,142,145,149,145,134,124,131,143,160,176,184,183,177,172,173,179,182,179,174,175,182,189,170,167,167,175,185,187,178,169,160,144,130,125,118,112,118,131,137,145,152,153,150,143,130,118,114,103,93,86,80,82,99,118,116,123,127,123,117,112,106,101,89,88,89,95,103,107,106,104,90,85,78,70,64,60,58,57,51,57,42,34,53,58,55,67,72,58,57,68,66,51,49,61,64,58,44,50,63,72,83,78,70,54,47,58,74,79,74,71,63,59,51,44,43,46,45,41,39,37,34,33,33,34
146,146,149,154,156,154,153,155,152,154,157,160,161,161,160,159,152,160,164,159,152,152,156,159,160,155,154,157,155,144,130,121,135,145,161,176,185,186,183,179,178,181,182,179,178,183,187,189,175,171,168,171,177,182,181,178,166,145,132,133,125,109,112,131,132,139,142,141,141,141,134,124,111,106,101,95,86,82,93,109,107,116,124,126,123,117,108,100,91,92,97,106,114,116,110,103,93,85,72,57,48,47,54,61,69,68,54,44,46,47,50,59,54,46,50,63,62,45,35,38,55,54,43,47,56,64,75,70,68,58,51,57,69,74,69,61,54,52,45,37,35,36,34,30,34,32,31,32,34,36
146,143,145,149,151,148,148,152,153,155,158,160,161,161,159,158,155,159,161,158,157,159,161,160,161,158,158,160,154,141,130,125,136,144,158,172,181,184,183,182,179,184,185,181,180,184,187,187,173,174,176,179,182,183,183,182,165,152,143,139,127,111,109,118,123,128,128,125,128,135,133,125,110,104,98,94,86,79,84,94,95,104,114,121,125,123,115,106,98,101,107,117,122,117,104,92,91,83,69,55,49,52,61,69,78,68,63,56,44,43,49,47,43,39,42,51,52,43,36,35,43,48,41,42,46,51,61,56,59,57,52,51,61,70,65,53,49,47,40,32,29,32,32,30,33,33,32,31,31,30
156,149,143,144,144,145,152,160,155,157,159,161,161,160,158,157,159,159,156,154,157,161,158,152,164,159,156,154,146,136,133,135,133,141,154,166,176,180,181,181,178,186,189,184,179,182,185,186,165,174,185,193,194,189,182,177,160,159,152,140,126,114,107,103,116,120,117,113,118,129,131,125,114,101,90,84,79,74,78,86,87,95,106,116,124,127,121,112,108,110,116,124,125,114,95,79,81,75,66,60,59,63,68,72,74,58,61,61,44,43,48,36,42,37,34,37,41,43,45,46,35,43,38,38,39,40,49,44,47,52,49,45,54,69,65,50,49,46,38,29,28,32,36,36,33,33,33,30,25,22
147,154,161,159,151,145,144,146,148,152,156,156,155,153,154,156,150,156,159,155,153,154,154,150,163,160,160,159,146,131,129,137,135,144,157,168,175,179,182,184,183,187,187,184,184,189,189,186,171,177,184,189,195,197,193,186,168,166,158,144,130,118,106,95,111,114,115,115,117,121,124,124,119,114,99,89,85,72,72,89,95,101,111,122,131,132,129,125,119,123,124,119,112,104,93,84,72,67,59,58,70,83,85,78,68,65,54,41,45,59,61,52,50,48,44,39,34,36,45,55,46,43,38,35,37,39,37,33,35,40,45,49,58,65,59,47,41,32,29,36,42,40,36,37,42,33,34,45,45,31
139,149,161,166,161,153,146,143,140,149,161,167,164,156,147,142,138,143,147,147,147,148,145,139,156,148,141,137,130,124,131,145,144,148,153,158,162,169,176,182,176,180,181,181,184,188,188,183,178,179,182,187,195,199,194,185,164,161,153,140,129,119,106,95,107,107,102,99,106,117,117,110,115,115,107,102,98,81,71,80,92,101,115,128,136,137,135,132,132,131,125,115,105,96,85,76,68,69,69,73,83,89,84,75,64,58,50,47,57,69,66,55,49,47,51,58,57,52,54,61,58,51,42,37,37,38,35,31,44,45,41,35,40,50,55,51,35,35,37,43,50,52,49,46,51,44,45,54,51,37
135,144,156,163,162,157,150,146,147,151,154,156,154,152,151,150,142,141,138,135,136,138,135,130,140,133,127,127,126,126,136,149,149,149,149,149,151,157,164,169,165,167,170,174,179,183,181,175,181,180,180,185,193,198,192,182,164,159,150,139,132,123,109,97,106,105,95,87,99,117,115,100,110,112,105,102,100,84,71,77,94,102,112,121,127,132,137,141,146,138,123,106,95,87,78,70,69,76,84,91,95,92,79,67,61,52,47,55,69,75,67,56,54,45,48,62,66,56,54,62,57,46,35,32,35,39,39,37,43,45,40,30,30,41,52,56,31,41,49,51,56,62,60,53,57,52,54,60,55,41
136,140,146,151,153,153,152,151,153,152,152,152,153,156,160,163,159,148,135,128,129,133,133,131,125,125,130,137,140,139,141,145,148,147,145,144,144,146,149,151,154,156,159,165,171,173,170,165,177,181,184,187,191,192,186,177,164,158,148,138,132,125,110,96,102,106,97,86,96,115,113,95,108,107,95,88,88,78,71,79,87,92,96,98,101,111,127,139,151,140,121,102,91,86,82,76,80,87,97,102,101,91,76,65,59,51,49,60,71,71,63,56,70,49,42,54,59,50,51,62,61,48,35,33,38,43,45,45,44,51,51,40,33,37,43,44,32,49,58,55,57,66,66,56,58,55,56,59,53,40
132,137,143,149,152,153,152,152,144,149,156,162,164,160,154,150,156,145,135,134,139,142,142,139,128,132,141,151,154,152,150,149,154,148,139,133,131,134,139,142,148,148,151,156,161,162,160,159,170,181,192,193,190,185,180,174,162,156,146,136,129,121,106,92,93,101,98,87,91,105,104,91,109,109,96,86,84,74,69,77,73,78,84,87,92,103,120,134,151,142,125,108,99,99,98,96,99,102,105,105,99,87,74,67,54,52,53,60,67,68,65,62,76,54,43,52,58,53,54,64,74,60,46,43,44,45,45,47,56,62,61,47,35,33,34,32,35,52,61,57,59,70,71,64,59,57,58,59,53,44
122,132,147,157,160,157,153,150,147,147,147,147,147,145,141,137,138,135,137,147,156,157,152,148,146,149,152,154,155,157,160,163,165,153,135,121,117,123,131,137,141,140,142,146,149,149,152,156,165,180,193,194,186,178,172,168,160,156,147,136,128,120,106,94,87,93,94,87,86,92,93,88,107,114,108,97,91,76,65,69,71,81,94,104,110,119,131,140,151,146,135,121,114,113,114,114,119,114,109,103,92,78,66,62,50,56,59,59,65,72,74,70,63,51,46,55,64,64,61,62,67,55,46,45,45,43,44,49,59,61,55,43,37,40,43,42,36,49,59,62,65,73,75,71,61,59,59,60,57,51
114,127,145,156,159,157,156,156,159,152,143,137,136,138,140,141,142,139,143,155,163,161,156,154,153,154,152,147,145,149,158,166,169,156,137,123,116,117,120,123,128,126,128,131,132,134,142,152,160,172,183,183,176,168,161,156,157,155,148,137,129,120,109,99,88,86,85,84,83,82,84,87,99,112,110,100,91,75,64,69,83,91,102,110,117,125,136,144,149,150,145,133,123,119,118,118,117,108,100,94,84,69,58,54,56,66,67,61,68,84,83,70,59,56,55,60,70,77,75,70,58,49,45,48,47,43,45,53,57,58,53,46,48,55,57,53,37,44,55,65,70,70,68,68,57,54,52,54,54,52
113,124,138,146,149,153,159,165,161,159,159,160,160,157,150,145,163,155,151,155,158,156,155,157,142,145,144,138,133,136,146,154,163,155,144,133,125,117,110,106,115,114,116,118,119,121,134,148,155,164,170,170,166,160,152,144,150,150,145,135,126,118,109,101,90,80,75,78,79,75,78,85,90,104,102,90,82,71,66,75,91,92,93,95,100,111,125,136,147,151,150,138,125,117,114,113,99,90,84,83,78,67,57,54,66,78,75,64,73,92,87,64,72,72,68,66,76,90,93,86,68,61,58,60,54,45,46,54,65,65,62,58,61,64,57,45,39,41,52,67,71,63,57,57,49,45,43,45,48,48
101,117,138,151,151,149,152,159,162,164,163,160,162,165,158,147,162,156,157,166,164,152,144,146,139,130,127,130,125,117,127,146,159,153,146,142,138,128,113,101,108,115,116,108,104,115,132,143,155,161,164,160,155,150,141,132,135,145,149,142,133,127,119,111,96,89,81,75,73,72,69,66,88,84,85,87,75,59,61,75,71,74,80,87,92,98,107,115,122,143,160,155,138,119,101,87,82,76,72,72,69,63,62,64,77,82,80,75,82,92,87,73,68,71,71,74,86,98,92,78,70,67,71,76,67,49,44,52,75,67,72,71,58,65,64,39,40,45,51,57,66,69,60,46,36,37,39,41,43,41
98,110,127,140,145,146,150,157,162,165,164,160,161,164,159,149,154,161,164,161,157,154,146,138,130,122,115,114,113,116,129,146,154,146,137,131,127,119,107,98,98,103,105,100,99,110,123,131,141,150,157,155,149,144,138,132,123,135,143,141,136,131,122,112,105,99,90,84,81,78,73,70,71,66,71,81,79,66,61,66,66,72,78,83,86,93,105,116,132,145,152,142,127,116,106,97,85,77,71,71,71,68,68,70,77,83,84,82,89,99,93,79,73,76,76,79,91,101,96,83,83,79,77,75,67,56,52,55,77,79,83,78,68,66,59,41,55,61,65,66,67,66,59,50,41,38,33,32,32,32
99,105,118,131,137,138,143,150,157,162,163,159,159,163,161,153,149,166,170,158,153,157,149,131,125,117,106,99,103,116,133,144,150,143,134,128,123,116,106,98,94,95,95,94,98,108,117,122,124,137,148,148,140,134,131,130,115,129,142,145,145,142,132,119,114,107,99,93,90,86,80,76,72,62,60,69,73,66,61,63,70,77,85,88,91,99,112,122,137,147,150,141,130,124,116,108,98,88,80,79,81,80,79,79,75,83,88,90,98,107,101,87,87,90,92,95,103,111,105,93,94,91,83,73,69,69,67,63,74,90,93,85,79,69,55,50,61,68,73,71,67,62,56,52,57,49,38,32,31,34
99,104,116,127,129,126,130,139,147,155,158,154,154,160,162,158,156,166,167,159,158,161,150,132,129,122,108,95,99,117,132,136,145,143,140,138,134,125,112,103,93,90,86,86,92,102,109,112,114,128,142,142,133,123,121,122,109,125,140,147,150,148,137,123,116,111,105,101,99,96,90,86,90,74,61,59,59,59,65,74,81,88,95,100,105,113,120,124,127,140,150,150,146,139,126,113,107,99,91,89,92,91,86,81,76,86,95,100,110,117,111,99,100,104,108,111,116,118,109,98,97,97,88,74,75,85,83,71,71,96,96,85,84,69,55,63,61,68,76,79,76,71,64,60,69,57,43,36,38,43
91,97,110,122,120,113,117,128,133,144,149,146,145,152,159,160,169,163,158,161,166,164,151,139,137,129,113,98,99,112,120,121,132,137,144,149,146,134,117,103,92,85,78,76,80,87,94,99,110,122,136,138,127,115,110,110,105,120,135,141,144,144,137,126,119,115,111,110,110,108,103,98,97,84,68,58,52,54,68,84,88,95,102,107,114,120,118,112,114,128,142,148,149,146,135,121,108,104,99,99,101,100,93,84,87,97,107,115,124,131,127,117,112,117,123,127,127,123,112,102,102,104,95,83,87,98,93,77,80,101,97,83,81,67,57,70,69,74,83,93,95,88,77,69,65,54,41,38,44,50
81,84,97,111,111,104,107,117,121,133,140,136,133,141,151,156,171,159,152,156,164,162,154,147,142,130,114,101,97,99,103,104,115,124,139,149,149,136,117,102,100,92,84,78,75,77,85,93,105,113,124,130,123,110,101,98,104,119,131,135,137,142,143,139,126,123,120,120,120,117,111,106,92,84,73,63,55,55,67,80,93,101,108,111,114,116,109,98,110,120,129,131,136,142,143,137,117,116,115,114,116,115,107,98,99,107,117,125,134,140,139,133,129,133,139,142,140,133,124,117,114,114,107,99,102,108,100,84,98,105,99,86,76,65,62,70,77,81,90,101,103,93,78,70,64,53,43,44,55,63
85,79,84,99,105,100,100,107,113,126,134,127,122,128,140,147,160,159,152,144,148,158,158,149,143,127,110,101,93,87,89,96,106,117,132,145,147,136,120,108,108,103,96,87,77,71,78,89,95,98,107,118,119,107,95,89,95,110,120,121,125,136,148,152,135,132,128,126,123,118,109,103,87,77,66,61,60,65,73,80,95,108,116,112,106,104,98,90,105,112,115,113,118,131,141,144,131,132,130,125,123,121,114,105,99,105,112,120,128,134,135,133,135,137,140,142,139,134,130,129,127,123,118,115,118,119,110,99,114,106,102,92,76,70,74,72,83,88,98,106,102,88,76,72,69,58,48,52,66,77
97,82,79,93,103,100,97,99,109,123,130,122,114,120,132,139,147,160,154,133,133,155,161,148,144,124,107,102,92,80,83,96,106,116,131,142,145,138,126,117,107,104,100,90,74,63,69,81,85,86,95,109,115,106,93,85,78,93,103,103,107,124,143,153,141,137,131,127,122,114,103,96,84,69,53,52,63,77,87,92,93,110,119,109,96,91,88,85,94,101,105,102,106,120,133,137,138,139,134,124,116,112,105,97,91,96,101,108,115,122,125,125,126,126,127,127,125,123,124,127,133,127,123,125,129,127,121,115,121,103,103,98,78,78,86,77,90,97,108,114,105,89,82,83,71,58,48,53,68,81
97,89,80,79,84,91,93,92,114,120,121,114,109,114,120,123,133,147,148,135,135,151,162,160,148,129,115,113,106,91,86,90,107,113,125,141,150,144,128,115,109,93,78,76,81,81,72,63,70,79,89,95,100,98,87,73,80,92,93,86,96,121,131,125,138,139,137,128,117,105,90,78,70,61,52,51,60,77,93,103,104,117,119,103,92,89,82,70,83,84,87,95,105,116,127,135,139,134,123,111,104,100,94,87,86,86,91,100,106,110,115,120,117,121,125,122,117,116,119,124,124,125,125,123,123,125,126,125,119,118,112,104,97,94,92,90,97,113,122,116,107,101,92,82,82,65,57,68,81,84
86,85,82,79,78,80,84,87,99,109,114,107,100,102,110,116,125,139,141,129,129,146,158,157,140,122,107,99,90,79,83,95,112,116,122,130,140,142,132,119,105,98,91,90,90,86,78,71,66,72,79,85,92,94,85,74,74,77,82,91,102,111,115,115,127,131,130,120,107,99,93,89,81,68,53,47,55,75,96,109,109,110,102,88,82,84,84,79,64,72,82,90,100,112,121,123,117,118,114,107,102,97,90,83,88,85,84,88,93,97,103,110,107,110,114,114,112,111,113,115,114,114,112,110,111,115,118,119,119,119,116,112,109,108,109,109,107,121,130,125,116,110,101,92,83,73,70,79,84,82
83,88,90,85,76,71,74,80,82,93,100,94,87,89,99,107,122,133,133,121,120,136,149,150,137,124,111,102,88,77,81,95,97,106,113,118,131,142,134,117,102,104,104,102,97,90,83,78,65,66,69,75,85,91,87,79,73,65,68,85,98,99,102,110,106,117,125,118,106,97,93,92,83,72,57,50,56,73,92,105,110,100,86,77,73,73,75,76,57,75,89,95,105,120,126,122,107,109,108,102,97,97,96,94,98,91,83,81,81,83,91,98,98,100,104,106,107,106,104,103,103,101,98,97,99,103,108,112,113,115,118,120,121,122,125,128,123,134,140,134,126,119,109,99,84,81,81,83,78,70
93,99,103,97,84,74,73,76,75,80,83,80,78,83,94,104,124,131,126,111,110,127,141,145,136,126,118,111,97,81,76,81,84,100,113,122,137,149,138,116,108,110,109,103,96,91,85,81,72,67,65,69,79,87,86,82,80,68,61,69,80,88,94,101,89,106,121,124,115,103,91,83,74,68,59,55,59,70,83,91,103,92,82,75,67,59,59,65,68,88,102,103,112,129,135,129,121,120,113,103,99,106,115,120,114,104,92,84,79,77,82,88,90,91,94,98,101,100,96,92,97,93,91,91,93,95,99,103,100,105,115,123,127,127,130,134,135,141,144,139,131,123,112,102,100,95,89,82,70,60
105,109,111,106,96,87,83,82,80,75,70,69,74,84,96,105,124,124,115,102,105,124,140,145,134,122,111,104,94,80,71,69,93,109,122,130,143,154,145,127,125,122,113,102,97,95,91,84,82,73,65,64,68,72,72,70,76,71,61,56,64,79,84,81,89,100,114,120,119,109,92,78,70,65,57,52,54,62,74,82,96,89,81,72,59,51,58,71,81,96,104,104,111,127,134,130,131,130,124,115,113,120,130,135,124,113,101,90,81,74,74,77,77,76,78,83,88,90,87,83,90,86,85,88,89,86,88,92,89,97,111,123,127,124,125,129,136,139,141,139,135,128,117,108,121,111,97,83,70,62
112,114,115,112,106,99,95,93,89,77,66,65,73,83,95,103,118,113,102,93,102,123,138,142,138,123,106,96,89,81,76,75,96,105,115,123,134,143,144,140,141,135,122,109,105,107,101,92,91,80,68,62,59,56,56,57,58,61,57,52,59,73,75,67,92,96,100,106,112,110,98,85,78,69,56,45,43,52,67,78,88,85,75,61,50,53,71,87,91,97,101,105,112,122,127,126,121,125,126,125,126,131,134,133,125,116,105,96,85,76,72,73,67,66,66,69,74,77,78,77,82,77,77,81,81,77,77,82,86,93,107,120,122,116,117,124,130,130,132,134,135,130,122,115,121,111,96,81,70,64
121,123,123,118,110,103,101,101,95,82,71,68,71,77,88,98,111,104,92,88,101,119,128,126,139,129,115,103,92,83,79,79,85,89,101,116,124,126,131,138,145,145,136,123,118,118,111,100,95,86,76,70,63,58,60,65,59,54,51,53,57,62,66,69,80,84,89,97,106,110,101,90,86,77,62,48,42,47,60,70,71,74,67,51,46,60,78,87,90,88,93,106,115,116,114,114,104,109,114,119,126,132,134,131,129,121,112,104,95,86,83,84,80,76,71,68,68,69,71,72,75,69,67,72,73,69,71,79,87,91,102,113,113,107,111,121,123,121,121,125,128,124,116,110,101,100,94,85,75,70
131,134,133,124,111,102,101,105,96,86,76,71,69,71,81,93,110,101,89,86,99,114,116,109,133,130,124,112,96,80,72,70,78,83,101,122,126,118,118,127,142,147,145,134,127,124,116,104,96,89,83,80,74,71,75,82,80,60,49,54,53,48,56,75,62,71,84,97,108,110,100,89,87,81,71,59,50,49,53,58,54,63,61,48,49,64,74,72,79,73,82,103,113,106,99,99,96,98,100,105,116,129,136,136,134,127,119,113,105,98,97,98,101,94,85,75,69,67,69,70,73,64,62,67,68,66,71,81,88,88,96,105,104,100,107,120,120,116,115,118,120,115,105,98,86,94,99,95,86,80
133,137,137,131,120,112,110,111,98,93,89,84,75,68,71,79,89,98,97,83,80,95,114,122,134,124,119,115,94,68,68,85,90,93,111,131,127,106,102,115,122,137,147,144,136,130,124,118,110,107,94,80,78,87,90,86,68,69,67,62,57,55,51,46,59,67,83,94,93,87,91,101,95,94,80,59,49,51,49,42,52,53,48,42,50,64,66,57,59,68,84,97,94,85,89,100,94,85,85,97,108,113,118,126,127,125,122,119,114,111,112,116,109,101,93,87,79,67,59,56,59,60,62,63,61,62,70,80,76,79,89,99,97,93,103,120,109,110,110,112,115,113,102,89,88,89,96,106,102,90
135,134,133,132,130,127,123,120,115,106,95,85,75,65,64,68,86,97,96,80,71,84,104,117,128,122,117,109,89,69,70,83,95,104,119,126,113,96,98,111,119,125,132,136,135,128,118,110,110,107,100,96,97,98,94,87,74,70,74,81,75,58,49,52,71,79,85,83,77,76,86,97,86,85,78,68,61,58,52,45,37,40,39,36,38,45,50,51,65,72,82,87,86,86,92,99,86,81,84,96,104,106,111,119,116,119,123,127,128,125,122,120,108,103,95,87,76,67,67,71,69,67,65,62,58,57,64,74,68,76,88,96,93,89,93,102,102,100,99,99,102,100,90,80,78,79,90,104,108,102
121,116,114,118,126,130,126,120,116,104,89,81,75,69,64,63,71,84,89,78,69,76,93,107,117,117,113,101,83,69,69,76,86,103,115,109,94,89,100,113,116,110,114,128,135,125,109,101,103,99,101,110,115,108,95,86,77,70,78,94,86,58,45,52,63,75,78,68,60,67,78,84,75,72,73,77,75,66,57,53,38,40,43,43,37,35,44,56,70,81,87,83,82,88,90,86,77,78,86,95,97,95,100,109,105,111,121,132,138,136,126,117,106,101,95,85,74,70,78,89,81,75,69,62,55,52,56,64,63,74,82,81,79,81,86,89,99,94,91,92,93,90,81,75,72,74,85,102,111,109
108,101,96,99,109,116,114,109,99,87,77,74,78,77,70,63,54,66,76,76,72,75,86,95,105,111,110,97,81,70,66,65,78,96,102,87,76,85,100,108,109,99,104,124,132,117,102,97,89,86,95,113,121,112,97,89,78,76,83,92,82,58,46,48,50,64,68,60,59,69,74,68,67,61,64,77,80,70,64,65,56,52,52,52,43,36,44,61,67,85,92,81,75,80,78,66,74,81,91,96,91,86,90,99,100,106,115,126,135,134,121,108,101,95,87,82,77,78,87,97,88,81,73,66,58,52,51,55,64,73,73,63,63,77,88,90,93,87,85,89,89,82,73,70,75,76,85,100,109,108
113,106,97,94,96,99,98,97,86,79,74,77,85,86,77,66,58,60,63,66,68,72,80,88,96,105,109,102,87,74,64,59,84,94,90,73,70,85,94,91,95,91,101,119,122,105,92,91,79,80,91,108,117,113,104,100,90,96,96,87,77,69,61,52,50,59,59,53,59,72,73,62,62,53,54,66,73,70,69,74,69,60,54,52,43,34,39,52,59,78,82,66,58,66,70,62,76,86,96,96,86,78,82,91,98,102,108,116,126,129,119,106,97,87,79,80,85,90,94,98,90,84,77,72,66,57,51,50,58,65,65,59,63,79,90,91,81,75,76,85,85,73,63,62,76,78,87,100,109,109
121,115,106,98,93,89,86,84,85,84,85,89,96,98,89,78,75,66,59,59,60,63,72,82,88,96,105,106,94,76,64,61,84,86,78,68,75,93,95,85,81,87,101,113,110,93,83,82,74,83,94,101,106,111,114,114,107,113,107,89,80,81,74,61,50,50,45,41,48,61,63,58,55,48,45,53,62,67,70,73,75,68,61,54,45,37,37,41,57,67,65,49,46,62,75,76,76,87,95,91,78,71,77,86,95,100,105,111,122,129,124,112,97,84,75,83,96,103,103,100,94,87,80,78,73,63,55,51,48,55,62,66,72,80,83,82,75,68,71,84,84,70,61,64,72,79,90,103,111,114
122,117,111,106,103,98,90,84,93,97,100,102,106,107,101,92,79,70,66,68,65,58,61,70,78,81,92,103,95,73,62,64,81,77,70,69,82,96,93,80,75,88,104,109,102,90,79,74,68,86,95,89,88,101,114,117,114,110,101,91,84,78,69,59,49,47,44,44,44,45,46,47,44,43,41,43,54,65,67,62,72,76,73,62,50,43,39,36,57,58,53,47,54,69,80,81,72,82,88,81,69,65,73,84,91,100,108,114,123,131,125,113,101,88,80,90,106,114,112,108,100,91,83,80,77,68,60,55,48,49,56,68,74,73,72,74,71,62,66,80,81,67,61,68,73,82,94,104,110,112
121,117,115,118,121,117,106,96,103,108,111,109,109,109,104,97,68,69,76,84,76,59,53,59,69,67,79,96,90,68,58,66,85,78,70,71,82,89,80,67,75,92,107,108,101,93,81,69,59,84,92,77,71,90,108,112,110,96,87,88,82,66,53,50,56,57,62,65,55,40,34,36,36,40,40,39,50,64,63,52,63,76,80,66,51,45,39,31,53,49,47,53,66,76,76,70,67,76,81,73,62,61,72,82,89,101,112,117,125,130,122,108,105,93,87,96,111,119,119,116,106,95,85,81,78,71,63,58,57,49,51,62,67,64,65,72,63,52,55,70,72,58,55,65,78,88,99,104,106,105
135,127,121,121,119,112,106,106,108,120,120,108,102,104,95,78,68,80,89,86,79,75,72,69,58,57,61,69,70,64,61,62,84,75,67,67,74,76,71,65,80,95,103,99,97,96,83,66,60,74,85,85,81,85,95,103,112,94,78,72,64,53,50,55,59,69,73,66,56,51,46,42,52,51,46,42,48,58,59,53,53,83,81,62,58,48,33,37,36,36,42,53,62,65,67,69,62,71,74,64,55,58,72,83,83,96,109,115,122,128,127,120,110,103,99,105,116,123,119,112,107,103,97,90,82,74,67,62,58,52,48,51,57,61,59,55,62,51,48,56,57,51,56,70,86,88,92,98,100,100
133,126,122,125,126,122,117,115,124,124,115,98,90,90,87,79,76,88,98,97,92,88,82,77,64,59,55,56,56,55,58,63,73,61,61,74,77,68,64,71,85,86,87,88,93,92,78,62,64,69,71,68,70,81,95,103,108,96,81,72,65,62,64,70,79,84,85,78,71,70,69,67,59,53,46,47,53,55,51,44,56,71,73,65,60,52,44,44,38,39,43,51,54,53,54,56,55,62,64,58,52,56,67,74,79,89,100,109,121,131,129,121,112,106,104,112,124,130,126,119,106,104,101,97,93,86,78,72,66,58,48,44,45,47,47,45,51,43,40,44,46,48,57,69,77,82,88,93,94,92
132,125,121,126,132,132,129,126,132,124,111,99,89,83,81,82,84,95,105,108,105,98,89,81,67,62,56,53,51,50,53,57,62,52,60,81,79,59,58,76,88,75,68,77,89,86,71,58,59,61,62,64,71,84,94,97,102,98,87,74,68,72,78,80,85,85,80,74,71,73,75,74,67,51,40,44,50,49,46,46,64,59,65,71,61,54,52,47,32,34,39,44,43,39,40,45,43,47,50,50,53,62,71,75,89,97,105,114,129,140,137,126,119,115,114,121,132,135,129,121,118,115,110,108,105,97,85,75,75,68,59,52,47,44,41,39,47,45,41,37,37,44,53,60,64,73,82,86,85,82
133,125,118,120,128,135,136,134,128,119,113,112,104,89,84,87,88,96,106,111,108,98,85,75,66,66,67,66,62,55,49,46,54,54,65,79,73,57,60,76,86,66,59,75,88,80,65,57,48,59,71,79,85,89,88,85,97,102,97,83,77,83,87,84,80,75,67,61,59,60,60,59,64,44,32,37,41,39,46,59,68,47,57,71,57,47,47,37,24,30,38,43,41,38,42,49,42,43,44,47,58,74,84,87,99,108,117,123,134,144,143,136,131,127,125,130,136,135,127,118,123,117,112,110,109,103,91,80,80,78,74,69,63,55,48,44,51,55,52,43,39,44,48,48,54,66,78,80,78,76
136,126,115,111,118,129,135,137,129,119,116,118,112,97,91,95,93,99,108,112,106,93,78,70,70,74,77,76,71,62,52,45,46,56,65,64,59,59,66,72,76,62,63,81,89,76,61,58,51,68,85,90,87,82,78,75,95,105,107,99,96,100,100,94,84,77,68,63,60,56,51,48,52,41,38,42,38,32,41,58,56,35,44,60,47,35,35,27,30,37,47,53,51,49,55,63,57,55,51,52,64,82,94,99,97,111,122,127,132,142,146,144,140,136,132,134,137,135,127,119,109,104,99,100,103,102,95,88,86,82,77,71,65,59,55,52,56,63,63,53,45,44,42,39,50,63,74,74,72,73
139,129,115,105,109,122,133,137,140,129,120,116,109,101,101,107,103,107,114,117,108,93,80,74,84,86,84,79,73,69,62,56,43,53,55,49,49,60,66,65,64,61,69,85,88,73,60,57,63,77,87,82,71,66,70,74,95,102,106,106,107,111,111,108,92,85,79,76,70,62,54,50,47,50,56,57,45,32,32,41,38,28,33,43,36,27,28,30,45,51,59,64,62,59,63,71,69,67,62,59,67,83,97,104,101,116,128,130,132,140,146,147,141,135,129,129,131,131,125,120,104,99,94,93,94,93,87,82,87,79,67,59,56,57,59,60,67,69,67,58,45,36,33,33,52,63,69,67,65,69
139,133,119,106,106,119,132,138,147,139,128,118,112,112,114,117,114,117,123,124,113,97,88,87,95,97,95,88,83,80,74,67,57,52,47,46,50,54,57,56,54,58,70,82,83,72,59,52,66,75,78,69,59,61,73,83,96,91,90,94,98,100,104,109,99,93,89,88,82,72,65,64,62,69,72,65,49,37,31,31,32,37,34,31,31,27,30,45,59,63,69,73,70,66,68,74,74,74,70,63,64,75,88,97,103,115,124,126,131,140,145,144,137,129,120,115,116,116,114,111,109,106,102,98,94,88,80,74,79,71,63,60,64,69,71,71,79,71,63,55,41,28,30,40,57,64,65,58,56,62
139,135,123,109,107,119,132,139,144,143,137,127,123,125,125,123,119,123,128,128,116,101,95,97,98,104,107,102,97,92,82,72,76,55,44,51,56,49,45,49,48,57,68,77,79,72,58,47,59,66,69,63,59,66,80,91,95,81,73,77,81,82,89,100,105,100,98,98,93,83,78,79,80,84,78,62,47,41,38,34,37,52,42,28,32,30,35,59,68,71,76,80,78,73,74,78,79,81,77,66,59,63,74,81,92,101,109,114,124,137,141,138,133,124,111,103,101,100,99,97,109,109,108,106,102,94,86,81,68,66,67,75,85,89,86,80,83,68,57,50,38,27,36,55,61,65,61,51,49,56
150,139,123,108,101,107,121,133,149,142,139,141,138,129,128,133,131,133,133,128,119,112,109,110,105,102,100,101,104,101,93,85,73,73,66,57,56,59,56,48,51,47,51,64,74,71,60,52,72,62,56,61,69,78,89,100,94,76,67,75,79,75,78,89,101,108,111,105,98,94,92,89,94,89,76,61,52,51,53,53,60,57,54,49,36,28,41,61,65,71,82,90,89,85,89,97,96,91,81,66,56,57,69,81,83,100,110,112,124,144,145,131,124,109,95,90,88,84,87,93,96,102,109,110,101,89,84,86,86,87,86,85,87,91,89,84,72,61,51,47,39,32,37,48,58,62,54,41,43,57
144,138,126,111,103,109,127,143,148,148,149,148,144,140,139,141,135,132,129,128,127,124,118,113,99,96,93,93,93,90,82,76,78,78,71,59,54,55,53,46,43,40,47,65,80,78,63,51,57,56,59,67,79,89,94,96,85,72,68,73,74,71,79,93,88,93,97,95,93,96,101,105,103,91,73,57,51,54,59,61,70,63,57,50,38,30,37,51,52,62,74,79,80,81,85,89,91,91,86,78,71,70,75,81,95,106,112,115,126,140,140,129,123,110,99,94,90,84,85,91,82,91,100,104,104,102,97,92,93,95,92,87,83,81,78,73,69,58,49,44,36,30,35,45,56,57,52,46,48,57
141,137,125,107,95,99,118,135,148,157,160,153,148,151,153,150,134,125,116,116,120,118,108,98,88,84,80,78,76,73,67,63,62,66,63,54,51,56,58,56,51,43,44,57,70,69,56,44,53,62,71,78,89,99,96,85,73,67,65,68,67,67,80,97,83,85,87,85,82,83,91,99,102,90,75,65,62,64,68,71,77,67,56,49,40,31,31,36,39,53,63,64,66,73,78,77,75,79,84,87,86,86,87,88,103,106,112,121,130,136,133,127,112,102,94,89,82,74,75,82,83,93,97,97,102,108,99,82,91,95,95,87,78,72,67,63,56,51,49,49,43,34,32,36,48,46,46,48,51,52
136,130,117,101,92,97,114,129,148,163,164,148,142,152,157,152,137,125,111,105,104,100,90,80,81,78,73,69,67,64,62,60,55,61,60,54,53,62,70,70,60,49,42,45,51,52,49,47,62,75,83,84,92,101,93,76,67,61,59,60,63,68,81,95,76,77,80,79,72,65,69,78,89,85,82,83,80,75,75,78,77,64,52,46,41,34,28,26,34,47,53,49,50,61,66,63,62,68,76,84,90,93,93,94,102,104,114,128,137,135,128,123,102,94,86,82,74,67,70,79,91,98,95,87,94,105,93,70,76,86,92,88,78,70,65,62,49,51,57,63,58,44,33,29,37,34,38,46,48,44
129,119,105,96,97,109,125,137,149,162,158,136,128,141,149,145,146,137,124,111,102,95,89,86,85,83,78,73,69,69,70,73,72,76,73,63,60,68,74,75,57,52,47,46,45,45,50,56,63,75,80,77,83,94,92,80,69,60,52,52,61,72,82,88,62,65,74,80,73,59,59,68,83,81,85,90,83,71,71,79,73,62,51,48,46,41,32,26,33,41,44,37,38,47,52,51,62,66,73,80,86,91,95,96,104,109,122,135,140,133,122,116,101,91,83,78,72,68,74,85,87,93,87,77,84,98,92,73,64,78,90,90,83,76,71,67,64,64,67,69,62,49,36,29,29,28,33,42,43,38
124,112,97,89,93,107,122,131,148,154,145,123,114,125,135,133,144,142,136,123,108,100,99,101,94,92,87,80,75,75,80,86,79,81,76,66,64,72,78,78,63,64,65,63,53,44,44,49,49,58,64,63,69,82,90,90,75,63,49,47,59,75,81,80,59,61,73,84,75,57,54,65,84,77,78,81,73,59,60,73,72,65,58,54,53,48,39,31,32,35,37,37,38,42,46,48,65,70,76,82,87,92,98,102,110,120,129,132,130,124,115,108,96,85,76,72,68,66,73,84,85,89,84,73,73,82,82,73,61,75,88,90,85,80,75,72,81,75,67,58,50,42,35,31,26,29,34,37,37,35
121,111,96,85,86,97,112,123,144,143,132,115,108,114,122,123,134,139,140,131,117,107,107,110,104,102,96,87,79,80,87,94,81,81,75,68,70,82,89,89,79,78,76,70,57,44,39,40,41,46,53,57,61,68,81,92,81,69,53,46,57,73,79,75,62,62,72,82,72,53,52,67,78,66,65,75,73,58,54,62,73,71,66,61,55,48,39,32,31,30,37,50,54,50,51,59,66,74,84,90,92,94,99,103,111,124,126,114,106,109,110,106,93,81,71,69,67,64,68,76,83,87,85,75,65,63,66,69,58,69,79,81,79,77,76,74,80,73,62,52,45,41,37,33,23,31,34,28,27,31
116,109,99,89,87,99,118,133,141,135,124,112,107,110,115,117,131,138,143,139,126,116,112,113,113,111,104,93,84,84,92,100,94,92,85,78,82,94,101,99,86,79,71,63,54,46,44,47,43,46,53,59,58,58,70,86,83,74,57,47,55,71,77,73,58,55,64,75,68,52,57,77,66,54,58,78,83,66,53,54,73,74,71,63,54,45,36,29,32,29,42,64,71,62,61,71,69,80,92,97,95,92,93,95,106,120,116,94,85,97,108,107,97,85,75,74,73,69,70,74,75,79,83,77,63,55,61,72,52,61,68,69,70,73,75,74,68,66,62,57,54,50,43,37,19,31,32,21,18,27
104,95,81,77,92,115,124,121,124,134,129,105,89,95,109,115,126,137,145,142,135,131,129,126,122,114,104,96,92,92,97,101,104,98,88,84,93,101,94,81,78,69,59,53,53,56,57,56,41,44,47,45,43,47,58,68,82,77,62,45,45,62,77,81,54,54,61,69,62,47,48,60,51,63,70,78,83,69,51,51,58,69,70,54,38,34,34,33,25,36,50,61,69,75,78,78,82,90,96,91,81,78,86,96,112,115,107,90,82,89,97,99,105,91,84,88,84,68,58,58,67,77,81,75,66,62,60,56,60,56,53,54,62,68,67,63,65,61,62,67,65,55,50,50,21,24,27,29,28,26
76,77,76,78,88,102,108,106,109,121,126,113,97,92,97,102,120,125,132,138,140,139,137,136,126,117,106,99,97,99,103,107,108,99,93,96,105,105,92,79,72,75,77,77,72,66,62,60,41,45,46,43,40,43,53,63,67,72,68,54,48,56,66,70,61,55,56,62,57,47,49,60,43,57,63,66,73,65,48,43,48,59,64,58,50,44,34,23,29,37,45,50,53,57,63,68,75,80,83,78,71,72,83,95,106,105,97,83,71,71,80,88,94,91,91,90,81,67,58,56,63,73,78,74,66,61,57,53,42,42,40,40,43,51,60,66,49,52,58,65,69,65,57,51,32,34,34,32,27,22
70,74,77,77,79,84,89,91,102,111,119,116,100,85,86,96,112,110,117,130,138,137,137,141,131,123,112,105,105,109,114,116,116,104,101,111,117,106,89,79,74,82,89,87,76,66,61,61,48,52,52,46,39,40,49,59,58,68,70,58,47,49,58,63,53,48,50,57,54,45,44,52,41,59,61,58,68,68,53,43,37,44,49,51,53,52,40,26,29,34,39,42,44,50,60,68,75,75,72,65,61,66,79,90,98,90,83,77,65,56,61,75,82,93,99,93,82,73,64,57,53,60,64,62,56,51,46,42,39,41,40,36,32,37,51,64,45,51,54,55,61,67,61,49,46,46,44,35,25,18
91,86,80,74,72,74,81,87,105,103,107,107,93,77,83,101,105,102,109,122,125,121,126,137,139,132,122,116,117,123,126,125,126,115,113,123,121,103,90,89,93,94,90,80,69,62,63,67,61,62,60,52,41,39,45,53,55,62,61,50,40,43,53,61,39,41,50,59,55,44,41,46,41,61,61,53,64,72,60,48,40,40,38,37,41,45,41,33,26,27,32,42,52,61,69,76,78,73,65,59,59,67,81,91,90,75,69,74,68,54,54,66,75,91,99,93,87,86,76,62,51,53,54,52,49,45,42,40,49,50,49,43,34,32,41,52,55,59,53,45,50,62,59,45,53,53,49,37,23,16
107,94,81,77,75,74,76,82,93,87,89,94,87,76,84,104,96,99,108,115,111,106,117,134,145,143,137,130,131,135,136,133,134,127,127,131,122,103,98,106,107,99,87,76,70,70,73,76,68,67,61,51,40,35,39,44,43,45,44,38,35,38,43,46,33,39,49,54,48,39,41,50,38,57,56,46,57,68,62,52,48,46,41,35,32,33,32,30,26,23,28,44,59,66,69,70,73,66,58,57,63,75,86,93,81,62,56,69,72,59,53,60,71,83,87,84,88,96,87,69,64,60,56,54,53,53,53,53,59,57,57,54,44,33,32,36,51,55,50,43,48,60,55,40,50,50,46,36,23,16
110,94,84,86,85,76,69,69,72,68,73,83,84,79,84,96,87,95,104,104,101,104,118,133,141,146,146,140,137,138,136,130,130,130,133,134,124,111,110,117,98,90,80,76,78,80,80,78,70,65,57,47,39,35,35,37,30,31,33,35,36,35,32,29,32,34,37,36,30,28,35,47,40,55,54,46,56,65,64,64,51,52,51,46,40,34,30,27,30,23,26,40,53,55,53,53,66,59,54,57,68,78,83,84,73,55,49,61,68,59,53,55,70,72,70,71,83,97,92,77,77,68,61,59,61,62,64,67,74,69,67,65,55,39,31,32,30,36,40,41,48,53,46,33,39,40,39,32,23,18
110,95,88,93,93,80,72,74,68,65,66,72,77,79,82,86,81,90,93,90,94,109,121,124,126,137,143,137,130,128,122,114,112,119,127,129,126,121,117,115,89,84,78,78,82,84,84,82,75,68,58,50,47,46,45,44,38,38,39,40,40,38,35,34,37,35,34,34,32,30,31,34,40,51,50,47,55,59,63,73,60,59,58,56,52,45,39,36,32,25,26,35,41,41,44,51,59,54,52,60,73,81,78,73,70,58,51,54,56,52,51,54,74,67,60,62,77,91,93,87,88,77,69,69,73,74,75,78,78,72,70,67,55,40,35,40,29,29,31,36,39,38,34,31,27,29,30,27,23,19
110,95,89,95,96,86,86,95,81,74,66,63,68,76,80,81,80,86,83,77,89,112,120,112,110,126,135,129,120,114,106,97,94,106,117,122,127,128,118,106,97,92,86,83,85,88,92,93,82,73,63,58,58,60,58,55,58,54,50,46,43,43,47,53,47,45,46,52,55,49,37,28,34,42,41,41,48,48,54,72,77,70,62,58,56,52,48,45,31,26,26,32,35,36,48,64,51,48,49,62,79,86,80,71,72,65,57,51,46,45,50,55,79,67,58,60,73,87,94,97,99,88,81,83,88,88,88,89,65,60,59,56,45,34,38,50,49,40,32,31,29,26,28,35,20,22,24,25,23,19
102,98,97,101,104,100,92,87,81,83,82,74,66,63,68,74,77,74,80,96,107,107,102,99,103,124,136,127,114,107,99,90,96,93,110,123,120,130,130,105,96,99,101,101,100,99,96,93,86,73,60,54,55,56,55,54,50,52,53,54,56,59,60,60,45,47,53,58,55,48,42,41,31,31,29,27,32,41,51,56,63,67,63,48,35,32,33,34,16,27,33,30,31,42,53,57,43,47,56,69,83,87,78,67,64,68,67,57,41,35,43,55,62,55,52,59,70,77,82,86,90,86,86,91,94,89,78,69,58,49,44,44,35,28,41,64,61,50,38,32,29,26,26,28,25,32,38,33,22,15
108,104,106,113,113,104,96,95,101,95,84,73,64,62,65,69,71,76,87,99,101,95,89,89,113,115,122,128,120,102,90,89,88,93,101,103,111,131,136,120,111,112,113,114,116,113,103,93,87,77,68,65,66,66,65,64,61,57,53,56,65,71,67,59,48,58,65,64,58,53,49,46,42,40,36,31,30,34,40,43,54,57,58,50,37,28,27,30,26,21,19,26,38,46,44,39,38,43,53,67,80,81,68,52,53,60,65,61,49,39,42,51,42,41,45,55,62,66,69,73,81,75,74,78,81,76,68,61,63,51,41,38,36,37,48,62,49,48,48,44,36,28,27,32,38,42,42,34,22,15
118,113,117,129,125,108,102,108,109,100,88,78,73,71,70,68,64,72,84,90,88,85,89,96,119,103,107,128,127,100,84,90,75,89,90,90,108,125,127,125,124,123,122,123,126,124,110,96,91,84,79,79,78,75,74,75,69,60,51,55,70,79,70,55,45,64,76,69,61,62,64,60,53,51,46,40,33,30,30,32,42,43,48,48,37,22,21,29,34,22,18,29,38,37,32,31,40,47,57,69,79,77,61,44,42,49,58,61,52,42,41,46,32,35,42,48,51,53,61,70,77,69,65,67,69,66,60,58,55,48,41,41,49,57,60,59,46,52,57,52,38,30,36,47,48,48,44,36,27,22
130,123,128,139,131,111,108,122,107,103,97,91,86,81,76,72,68,69,71,72,76,85,99,110,107,96,103,125,128,106,91,93,67,81,84,96,117,112,103,116,120,120,116,114,117,121,114,103,100,93,88,88,86,80,78,82,72,64,54,56,71,81,72,55,49,74,85,71,60,67,73,70,61,59,57,52,42,32,28,29,34,32,36,41,33,21,24,37,36,28,27,34,31,22,27,42,49,59,69,73,75,73,63,52,39,40,45,49,44,37,39,46,42,45,50,50,47,49,63,78,76,65,58,59,59,54,51,52,39,42,45,50,63,74,69,58,58,59,56,46,33,31,46,64,53,51,47,41,35,31
141,135,138,144,133,115,117,133,120,116,109,99,89,82,80,80,81,73,64,63,74,88,98,102,86,95,108,118,122,115,104,96,73,74,78,105,123,97,86,115,106,108,103,95,98,110,117,115,113,103,96,96,92,84,83,88,74,71,65,63,72,81,75,61,64,86,94,77,64,70,77,74,69,67,66,62,50,36,31,33,33,28,28,31,29,26,35,50,43,31,25,29,26,20,29,45,51,65,73,67,61,62,64,61,43,35,31,33,32,31,38,50,53,59,66,66,60,58,67,79,73,60,52,52,50,43,42,46,37,42,46,51,62,71,69,60,63,57,49,40,32,33,47,62,55,54,51,48,43,38
151,149,150,148,137,125,129,140,137,129,115,99,87,84,88,93,85,74,64,64,77,90,89,81,73,94,108,107,110,117,110,95,83,71,76,104,111,86,85,116,95,97,91,81,85,104,119,121,119,106,99,102,99,91,89,94,75,79,77,70,73,81,78,68,67,84,93,84,77,83,89,88,76,71,67,61,49,36,35,42,36,33,29,28,30,38,49,58,58,36,19,21,28,29,26,25,40,56,62,53,45,49,57,59,47,33,24,27,30,32,42,56,58,67,79,84,78,70,69,74,76,64,57,59,56,48,46,52,54,50,47,48,53,59,61,61,54,48,43,41,40,39,43,48,50,51,52,50,47,43
158,163,164,155,145,139,141,144,139,130,116,104,97,96,97,98,85,76,64,61,70,81,79,70,75,91,99,94,97,107,104,89,81,69,79,97,91,79,85,98,89,91,84,75,83,105,117,116,112,99,95,103,106,98,94,98,81,88,86,78,78,86,85,75,66,77,88,91,91,92,92,92,75,66,57,50,40,33,42,57,39,41,37,32,38,53,59,56,54,41,28,27,33,35,26,14,26,42,49,42,39,46,51,48,44,30,26,35,42,43,49,60,67,72,80,86,84,78,75,77,79,68,65,70,69,59,58,65,69,57,50,56,61,59,56,58,49,44,42,45,48,47,46,48,48,50,51,49,46,44
162,172,174,162,151,150,149,146,134,127,118,113,112,108,98,90,89,80,64,53,56,67,71,68,83,88,88,85,90,97,94,84,70,67,85,93,76,74,81,71,88,88,80,74,86,107,114,106,101,89,88,102,109,102,96,99,91,97,95,86,87,95,93,82,74,79,89,97,96,88,80,77,69,57,46,39,32,32,50,71,40,48,45,38,46,63,64,51,33,40,43,40,37,37,33,25,19,34,42,40,42,50,50,40,39,29,30,46,56,54,55,62,80,77,76,79,80,80,83,87,75,65,64,73,72,63,61,69,73,58,56,71,79,68,56,54,52,47,44,47,50,51,54,58,52,53,53,48,43,41
178,179,178,172,167,164,158,153,141,127,121,126,125,113,107,109,96,80,72,73,66,53,55,69,84,86,82,75,78,87,87,80,62,68,82,91,83,70,69,78,71,84,80,70,85,112,107,79,89,83,87,101,106,99,95,98,92,100,102,95,91,95,95,90,88,95,104,107,99,84,67,56,53,51,47,41,38,42,52,60,46,54,57,57,60,65,60,48,49,58,63,62,62,58,41,22,22,28,28,23,28,43,50,48,36,25,30,50,59,54,62,79,74,66,61,66,79,89,91,89,86,78,67,76,79,70,73,72,84,71,69,82,88,78,68,66,59,56,54,55,56,57,60,62,63,66,65,57,52,53
184,181,172,160,153,150,148,145,135,142,135,117,111,120,121,112,100,92,87,85,76,62,58,63,74,78,77,72,75,85,88,83,63,68,79,86,80,68,68,76,72,68,63,64,76,89,89,81,78,80,86,91,88,84,86,92,80,94,105,107,108,112,109,101,103,105,103,96,84,73,66,63,55,49,43,42,48,57,63,67,52,58,66,73,75,70,60,50,70,74,70,59,51,46,35,22,18,24,27,25,27,36,44,48,20,24,33,46,60,68,64,57,63,56,56,66,74,77,81,85,92,88,80,88,88,77,79,78,88,85,89,99,102,91,76,67,60,57,56,59,63,65,69,72,71,72,70,63,58,59
185,178,164,146,135,132,130,128,123,134,133,117,108,113,115,110,99,96,88,79,70,64,59,56,66,71,72,67,69,77,82,80,64,67,74,79,73,64,65,73,75,61,60,75,84,78,77,85,56,75,92,91,82,75,74,74,86,99,111,114,117,118,114,107,117,115,109,98,86,76,71,70,60,50,41,45,59,71,74,72,60,59,66,79,81,70,62,61,80,78,66,48,37,35,31,24,25,23,23,23,21,22,32,44,9,26,35,37,54,75,67,41,50,44,50,64,67,60,67,83,92,93,88,95,91,78,81,81,91,98,104,106,106,103,92,80,79,74,72,77,81,83,85,89,91,91,88,81,77,78
172,169,157,141,128,120,113,107,111,105,110,122,117,98,92,100,95,89,74,60,60,68,67,58,64,68,67,62,59,63,67,68,62,63,67,69,65,58,59,65,59,50,56,75,79,65,60,68,56,76,89,81,70,70,74,74,96,103,108,108,110,113,111,107,110,109,107,104,99,89,76,67,62,53,46,50,64,75,78,75,71,60,61,74,76,65,65,76,80,73,60,46,42,43,41,36,36,27,22,24,21,16,22,35,15,32,39,35,46,67,65,45,44,38,46,61,59,47,57,81,80,86,83,88,82,70,77,79,89,101,105,98,97,105,105,97,100,91,87,90,93,90,90,94,102,102,99,93,90,92
153,156,154,146,135,123,108,97,103,90,91,107,108,91,81,85,83,77,64,56,66,81,77,62,60,62,60,54,50,51,54,56,56,56,59,60,56,52,51,53,55,56,62,68,69,64,61,60,71,77,73,58,54,67,82,88,90,95,100,103,106,106,103,99,92,89,88,95,100,93,76,60,55,53,52,56,65,74,81,84,84,70,69,80,79,66,68,83,88,79,68,62,63,63,54,44,37,30,32,40,39,27,21,23,24,37,48,50,51,55,57,56,46,38,43,56,52,40,52,77,69,77,75,77,71,63,74,79,82,97,102,93,91,102,105,98,102,90,83,86,87,82,80,83,91,92,90,83,80,82
134,142,149,148,142,131,116,104,101,95,85,78,83,89,81,68,67,66,65,69,81,89,78,61,59,59,56,53,51,52,54,56,54,55,58,58,56,52,48,46,56,61,60,54,54,59,60,57,58,61,60,59,63,72,78,79,86,92,102,109,109,101,89,79,87,79,74,79,89,89,76,63,48,53,59,63,67,75,87,96,94,86,86,95,91,76,73,82,96,88,80,76,75,67,51,37,31,37,50,61,59,43,26,17,25,36,53,63,59,48,48,56,49,40,40,48,47,40,48,65,63,72,70,72,65,61,74,78,73,88,98,95,93,96,95,87,95,81,74,79,81,74,71,75,79,83,81,73,67,67
119,127,135,138,138,135,128,120,112,102,86,77,79,82,75,63,69,72,78,87,92,88,78,69,72,68,65,64,64,65,66,67,62,65,68,70,69,64,56,50,44,46,46,45,44,44,42,39,43,44,51,64,73,74,74,75,93,97,105,113,112,101,86,76,85,77,71,71,75,75,68,61,51,59,68,72,73,79,92,103,97,93,93,95,91,82,81,87,96,92,88,83,75,61,46,36,36,52,65,64,53,40,28,19,22,30,42,50,48,43,43,47,49,40,35,40,43,42,42,46,57,67,66,67,62,57,68,69,67,78,87,89,88,89,88,86,92,77,69,75,77,70,66,70,80,85,84,73,61,58
110,116,121,125,129,134,134,131,128,102,90,100,97,76,64,69,88,91,97,102,99,90,86,88,89,83,78,77,78,78,77,77,73,77,81,83,83,77,67,58,53,53,61,71,71,58,47,45,55,43,39,48,58,66,81,97,96,97,102,109,112,107,99,94,75,72,69,66,63,59,52,47,60,68,75,78,77,82,93,103,95,91,87,83,80,81,88,96,95,96,95,89,76,61,52,48,50,66,71,53,33,26,26,24,20,25,26,25,29,37,41,40,47,39,32,34,41,43,38,31,50,62,62,63,58,52,60,58,67,69,73,76,78,82,88,93,90,73,64,70,72,63,58,62,82,88,87,74,59,53
109,107,106,109,115,120,122,122,121,115,106,96,90,85,80,76,82,101,112,105,98,102,104,100,96,97,94,88,87,91,91,86,89,87,90,95,96,90,82,77,72,73,76,78,77,68,55,46,50,49,52,60,69,78,85,91,82,83,91,105,116,116,107,100,93,89,81,73,69,67,64,60,75,78,76,87,95,94,96,87,69,77,76,68,70,85,92,89,83,79,86,99,91,67,54,56,58,73,63,46,40,24,18,38,33,22,16,22,32,36,32,28,36,47,43,23,18,33,41,34,46,59,61,47,41,49,54,50,68,68,68,68,73,80,82,81,84,52,57,76,62,49,60,68,81,73,71,75,73,64
119,109,98,95,99,106,109,110,110,111,111,106,94,81,78,81,82,92,108,119,120,115,113,115,112,101,93,94,98,100,101,102,94,103,104,97,95,98,90,77,86,82,83,86,83,71,60,56,42,54,67,71,68,66,74,83,74,77,90,104,106,99,100,108,106,102,94,86,79,76,74,73,87,90,85,94,100,98,101,93,67,66,60,54,60,74,85,88,76,71,74,85,89,81,76,77,75,77,66,51,41,32,35,49,39,28,19,21,28,30,28,26,32,41,39,27,23,31,34,28,41,49,51,46,45,53,59,59,74,65,56,57,66,75,81,83,77,49,49,69,64,47,50,64,73,65,64,70,71,66
132,119,104,96,96,98,96,94,92,94,100,102,89,75,83,100,94,93,106,129,137,128,124,130,124,111,103,108,114,113,110,109,96,111,112,94,88,95,90,72,84,76,74,79,76,63,57,59,39,48,58,61,60,60,66,72,64,74,90,97,89,81,93,113,108,108,105,99,92,88,88,90,100,103,98,102,101,96,99,94,71,57,46,47,56,67,79,88,68,64,61,66,79,91,95,93,85,73,68,61,46,43,51,54,49,37,25,22,23,23,22,23,32,32,29,24,23,25,27,27,39,39,40,43,48,55,61,66,81,63,51,58,72,79,82,83,74,50,40,59,67,45,39,61,67,59,55,61,66,64
128,121,111,103,98,92,86,81,86,80,81,84,77,71,88,113,111,107,113,129,138,135,129,128,118,120,118,115,116,116,108,98,88,98,98,85,78,81,79,70,69,59,57,64,62,52,51,58,58,50,42,42,53,64,65,60,60,80,93,84,72,75,92,105,94,99,106,108,103,97,97,101,101,110,107,106,95,82,84,81,77,56,45,54,65,69,75,84,62,62,58,54,64,84,95,94,76,56,59,64,52,54,64,58,60,46,32,24,21,19,19,20,34,25,18,17,17,18,24,33,38,31,30,39,47,52,59,67,78,59,49,63,80,83,76,72,75,57,37,50,65,43,33,61,66,56,50,54,59,59
108,107,103,97,90,86,85,86,94,82,77,80,79,76,86,103,112,120,126,131,137,139,126,108,102,122,125,106,98,107,105,91,83,80,79,79,73,67,68,74,60,53,52,56,55,49,50,57,67,58,46,42,51,62,61,53,62,89,93,69,60,80,93,86,78,88,103,113,109,99,95,98,91,105,107,103,84,64,65,62,73,54,47,62,74,70,66,69,54,63,62,52,53,70,85,89,68,43,43,53,49,58,75,72,68,54,38,29,24,20,19,19,24,18,16,19,19,16,21,30,32,24,22,31,42,49,57,65,71,54,43,52,69,74,67,58,76,61,39,40,53,38,32,59,62,53,46,47,53,55
103,100,94,90,89,94,103,110,100,93,91,94,97,95,93,94,103,123,138,141,143,140,118,91,95,118,121,97,83,94,103,100,91,78,73,75,70,57,58,69,54,56,56,52,50,50,51,51,39,48,51,47,46,52,57,57,66,87,83,58,57,83,88,69,72,83,102,115,110,94,84,84,80,93,94,94,79,59,57,51,60,47,45,61,72,66,55,50,46,58,63,55,50,60,76,86,74,48,34,38,42,54,74,84,73,59,43,35,32,27,22,21,12,15,22,27,24,18,16,20,21,17,16,21,33,45,56,61,73,60,43,39,52,66,64,53,69,60,43,34,35,34,39,56,57,50,44,43,48,52
112,105,98,97,104,114,121,124,101,105,107,107,109,113,112,106,110,124,140,148,145,131,110,94,93,105,112,102,85,80,88,98,92,82,72,66,60,55,53,56,49,61,64,54,52,59,60,51,32,43,48,42,41,49,57,58,70,72,65,55,61,76,75,61,70,79,97,112,106,87,73,71,74,79,76,83,82,71,65,53,49,42,43,56,66,64,52,42,39,49,57,54,48,52,67,82,71,52,31,32,46,53,64,86,75,61,46,42,41,36,28,23,12,22,29,26,19,15,15,16,14,17,15,13,22,39,51,52,68,66,51,35,43,62,61,45,59,57,52,36,23,35,53,56,57,52,46,42,44,48
119,110,104,108,119,125,122,116,105,115,117,109,109,120,126,123,128,128,138,149,142,119,106,107,88,90,102,111,94,67,65,83,79,78,67,53,50,57,57,49,49,69,74,61,61,75,75,62,66,61,48,38,43,56,59,52,71,58,50,55,65,67,64,61,67,74,91,106,101,82,68,65,73,71,63,76,87,84,77,59,46,43,44,52,63,65,55,44,37,42,49,50,45,45,58,75,52,46,29,33,57,57,59,84,76,61,48,46,47,42,32,24,22,32,32,18,7,10,18,21,14,21,18,8,14,33,44,41,52,61,53,34,38,56,51,27,52,55,61,42,19,40,65,58,61,58,50,43,41,44
131,110,113,125,128,139,135,107,115,119,127,132,128,123,129,141,134,146,153,148,137,127,115,104,88,82,85,99,103,90,74,67,67,65,62,59,59,60,59,57,58,72,80,77,79,88,86,76,72,59,45,38,39,44,54,63,72,56,50,60,66,61,56,57,64,84,88,93,105,89,63,61,44,59,64,56,59,73,73,60,47,40,36,44,58,66,58,47,37,43,49,48,42,43,59,76,53,35,27,42,56,57,56,60,59,56,55,54,47,35,26,23,22,32,35,28,23,24,22,15,9,9,13,17,18,18,23,29,52,57,51,35,27,32,35,33,55,62,55,32,22,37,57,66,53,49,46,45,42,36
130,122,124,131,137,144,140,125,130,132,135,136,136,138,142,147,140,143,145,140,128,111,95,85,79,73,76,88,93,85,75,72,69,66,59,53,51,57,67,74,76,81,80,76,83,97,97,87,70,57,46,43,47,52,58,63,69,45,43,63,65,46,49,71,76,77,79,89,98,85,70,71,55,53,50,47,50,58,66,70,52,45,40,45,57,63,58,49,37,38,42,44,43,41,45,52,41,29,28,42,53,50,47,51,54,51,49,49,44,35,30,29,33,37,32,20,15,21,24,22,23,20,17,17,15,15,21,28,39,45,44,32,21,22,30,37,59,63,53,32,22,35,54,64,53,49,47,46,43,37
129,137,138,140,151,153,146,144,146,148,144,136,137,146,148,143,137,131,129,133,127,110,94,88,86,77,72,76,77,71,67,67,65,62,57,52,52,60,75,87,86,88,85,83,94,107,104,91,70,57,44,41,44,50,56,62,56,45,46,57,55,46,55,76,74,64,72,89,90,85,81,76,63,50,42,47,50,52,65,81,65,53,41,38,44,51,54,53,44,36,30,32,36,35,33,33,29,25,30,43,47,40,38,43,47,44,42,43,40,35,33,34,37,38,32,20,16,22,26,26,33,29,27,26,21,16,16,19,17,23,28,25,16,16,34,54,56,53,41,25,22,35,51,60,51,47,46,46,44,39
137,155,152,149,164,161,146,147,149,154,146,129,124,134,136,129,123,110,109,123,128,116,104,102,100,87,73,67,65,62,62,65,65,61,59,61,64,69,77,83,88,93,97,99,105,109,99,84,76,64,51,42,39,41,49,58,39,54,56,43,44,62,70,64,58,57,78,89,81,87,90,71,60,50,45,48,51,54,64,75,77,60,39,28,29,36,45,52,50,34,20,18,23,28,31,32,25,25,32,39,37,30,32,40,38,36,36,39,38,34,32,33,31,34,33,29,28,30,31,28,36,37,41,44,39,27,16,12,10,10,14,17,14,17,41,69,50,38,24,19,27,41,53,59,49,45,43,42,39,33
158,174,166,158,171,163,139,132,135,145,141,120,108,114,120,118,115,98,94,109,120,111,101,98,99,85,70,64,66,70,76,80,79,68,62,68,78,82,84,85,100,108,112,109,103,97,86,75,77,74,69,61,49,40,43,50,37,51,50,39,45,67,69,53,55,69,90,83,68,86,95,69,63,61,52,40,40,52,61,63,77,61,43,34,31,30,34,39,38,27,17,16,19,23,28,32,26,26,28,29,24,19,26,38,31,30,33,37,36,31,27,27,28,31,33,34,37,41,42,40,47,49,54,59,56,44,33,27,29,20,15,15,13,17,38,62,49,29,15,21,37,48,54,58,49,44,41,39,34,27
174,180,171,160,162,156,132,113,116,129,131,115,100,100,109,116,117,101,92,101,110,106,95,88,87,77,67,68,78,87,92,92,86,70,61,70,87,96,101,104,115,121,121,108,92,81,74,71,66,71,77,75,62,45,38,38,46,38,36,45,52,51,50,52,66,83,89,69,58,78,89,75,81,77,59,37,34,49,63,65,68,57,49,48,45,35,27,25,19,18,19,23,24,21,21,23,25,24,23,21,16,13,20,30,25,26,29,34,33,27,23,22,31,31,31,35,43,51,56,59,65,62,62,65,65,61,57,56,50,39,26,17,13,17,30,44,43,23,15,28,43,47,49,54,50,46,44,44,42,37
167,164,160,149,141,142,131,107,107,116,122,114,100,93,101,112,114,103,92,92,100,101,91,78,79,73,70,77,91,98,94,85,76,63,61,75,93,102,106,111,110,116,116,105,88,75,68,65,55,57,62,64,59,48,41,39,48,40,39,46,46,39,42,53,67,75,68,59,63,70,74,80,84,71,54,42,39,46,59,69,63,51,45,48,47,37,27,25,18,19,24,29,28,22,18,19,24,23,22,22,18,15,16,20,23,22,24,29,28,24,21,22,30,30,35,44,54,61,65,66,70,66,66,70,73,72,71,71,57,52,39,22,12,15,22,26,29,17,20,38,46,41,45,59,56,53,52,53,51,47
149,141,144,136,122,131,134,109,106,110,116,115,101,89,93,106,106,98,86,80,87,92,82,66,75,72,74,85,99,103,89,74,64,59,66,84,97,98,96,98,90,99,107,104,92,78,66,58,55,48,43,45,48,49,49,50,42,54,55,41,33,40,48,50,55,55,46,56,75,67,60,80,65,47,38,45,45,38,47,65,65,47,35,36,38,34,31,33,30,27,26,28,27,23,21,22,23,23,25,27,25,20,16,14,22,20,21,24,25,22,22,25,22,28,41,57,68,70,66,62,63,63,67,76,80,77,72,69,58,60,49,26,11,12,15,13,18,14,27,48,51,41,49,71,66,61,58,57,52,45
140,138,132,122,116,116,119,121,99,102,106,107,101,91,87,88,86,82,80,80,76,71,73,80,83,79,84,99,110,107,96,88,78,60,63,80,82,80,78,72,97,103,112,113,101,86,79,80,64,62,61,62,63,62,58,54,69,61,49,41,38,39,45,51,53,61,61,66,60,53,69,80,68,51,38,36,34,33,42,56,64,50,33,24,22,26,31,35,30,18,15,28,36,34,31,34,30,26,28,35,36,29,22,20,19,17,17,17,15,14,18,24,26,31,41,54,63,64,61,59,64,47,49,69,75,63,65,81,70,60,46,34,25,17,12,9,4,19,37,49,50,48,49,50,61,59,55,48,46,49
137,135,130,122,113,107,104,102,93,93,94,93,87,80,79,83,78,75,76,78,77,76,81,88,95,93,97,108,112,103,89,81,75,60,61,69,65,68,81,87,92,99,109,113,106,94,86,83,70,70,71,74,76,75,70,67,64,57,49,41,37,37,39,43,49,56,55,61,56,50,65,74,64,50,38,35,31,25,28,37,46,39,32,30,35,42,50,55,36,27,28,41,48,43,35,34,44,40,40,43,41,31,22,19,17,16,16,17,16,15,19,26,27,31,40,54,65,68,64,61,49,45,53,69,72,63,64,75,76,63,44,28,18,14,13,13,12,22,34,41,42,42,44,46,51,54,55,52,48,47
135,134,131,127,120,111,103,98,95,92,90,87,81,77,81,87,85,83,83,85,85,85,89,94,114,115,118,121,116,101,86,78,73,67,73,73,59,61,80,93,86,95,106,113,113,107,98,92,90,89,87,85,81,75,68,63,50,48,45,41,39,37,36,36,39,46,45,51,50,46,59,65,48,39,33,33,32,28,28,31,26,26,28,33,42,53,61,66,51,42,39,47,53,49,43,40,62,59,57,55,49,37,27,22,17,15,15,16,16,16,20,26,27,29,37,51,65,70,65,58,40,50,62,70,69,64,62,63,74,64,49,34,24,18,15,13,14,19,26,33,38,43,49,54,44,50,57,55,48,42
127,125,127,130,131,125,118,115,110,107,104,101,95,93,97,105,99,97,96,95,95,96,99,102,124,126,126,122,110,96,83,77,71,77,93,93,72,64,73,77,80,91,102,108,113,115,110,102,105,100,92,82,72,62,54,50,42,46,49,50,50,49,46,41,36,43,41,46,44,39,49,51,34,31,30,34,40,43,44,45,26,29,31,34,42,52,60,62,74,62,50,48,52,55,54,53,71,70,68,64,56,45,35,29,20,17,15,16,16,16,18,23,25,26,32,44,60,67,59,48,42,60,71,68,65,65,60,51,59,60,58,51,41,30,17,7,11,15,21,29,39,49,57,62,39,44,51,53,48,41
114,110,112,122,130,131,129,129,123,122,121,120,115,112,115,121,102,102,102,103,106,111,115,117,116,118,116,107,93,82,76,73,72,83,103,104,84,73,71,64,71,84,94,97,104,113,113,106,98,92,81,70,60,54,52,52,49,57,64,66,67,66,60,52,48,55,50,49,42,34,39,37,36,35,35,39,48,58,62,61,44,44,41,38,42,52,59,59,86,76,64,58,60,65,64,59,65,67,67,63,56,48,40,34,25,20,17,17,16,14,15,18,22,23,27,36,51,58,49,35,45,62,69,60,59,66,61,45,46,54,60,56,48,36,20,7,12,15,22,30,38,46,52,56,35,35,39,46,49,47
109,101,101,113,126,130,131,133,125,125,128,129,125,120,121,126,106,107,107,109,115,124,129,129,107,109,105,93,81,74,71,70,78,88,106,105,88,82,80,69,64,78,86,86,95,110,111,102,85,80,70,60,54,54,59,63,59,69,76,76,75,73,64,54,54,64,60,56,45,36,40,35,41,41,39,41,53,68,74,70,58,55,46,39,43,56,61,59,81,79,74,69,72,74,65,52,53,58,60,57,51,46,40,34,28,22,17,17,16,14,13,15,17,20,24,31,45,52,43,27,42,55,58,51,55,66,62,46,42,51,54,47,39,33,22,12,9,15,23,30,34,39,44,48,40,33,32,42,49,50
